COTE;SURFACE;VOLUME
137;0.12;639
137.01;0.12;666.42
137.02;0.12;693.84
137.03;0.13;721.26
137.04;0.13;748.68
137.05;0.13;776.1
137.06;0.14;803.52
137.07;0.14;830.94
137.08;0.14;858.36
137.09;0.14;885.78
137.1;0.15;913.2
137.11;0.15;940.62
137.12;0.15;968.04
137.13;0.16;995.46
137.14;0.16;1022.88
137.15;0.16;1050.3
137.16;0.17;1077.72
137.17;0.17;1105.14
137.18;0.17;1132.56
137.19;0.18;1159.98
137.2;0.18;1187.4
137.21;0.18;1214.82
137.22;0.19;1242.24
137.23;0.19;1269.66
137.24;0.19;1297.08
137.25;0.19;1324.5
137.26;0.2;1351.92
137.27;0.2;1379.34
137.28;0.2;1406.76
137.29;0.21;1434.18
137.3;0.21;1461.6
137.31;0.21;1489.02
137.32;0.22;1516.44
137.33;0.22;1543.86
137.34;0.22;1571.28
137.35;0.23;1598.7
137.36;0.23;1626.12
137.37;0.23;1653.54
137.38;0.24;1680.96
137.39;0.24;1708.38
137.4;0.24;1735.8
137.41;0.24;1763.22
137.42;0.25;1790.64
137.43;0.25;1818.06
137.44;0.25;1845.48
137.45;0.26;1872.9
137.46;0.26;1900.32
137.47;0.26;1927.74
137.48;0.27;1955.16
137.49;0.27;1982.58
137.5;0.27;2010
137.51;0.28;2037.42
137.52;0.28;2064.84
137.53;0.28;2092.26
137.54;0.29;2119.68
137.55;0.29;2147.1
137.56;0.29;2174.52
137.57;0.29;2201.94
137.58;0.3;2229.36
137.59;0.3;2256.78
137.6;0.3;2284.2
137.61;0.31;2311.62
137.62;0.31;2339.04
137.63;0.31;2366.46
137.64;0.32;2393.88
137.65;0.32;2421.3
137.66;0.32;2448.72
137.67;0.33;2476.14
137.68;0.33;2503.56
137.69;0.33;2530.98
137.7;0.34;2558.4
137.71;0.34;2585.82
137.72;0.34;2613.24
137.73;0.34;2640.66
137.74;0.35;2668.08
137.75;0.35;2695.5
137.76;0.35;2722.92
137.77;0.36;2750.34
137.78;0.36;2777.76
137.79;0.36;2805.18
137.8;0.37;2832.6
137.81;0.37;2860.02
137.82;0.37;2887.44
137.83;0.38;2914.86
137.84;0.38;2942.28
137.85;0.38;2969.7
137.86;0.39;2997.12
137.87;0.39;3024.54
137.88;0.39;3051.96
137.89;0.39;3079.38
137.9;0.4;3106.8
137.91;0.4;3134.22
137.92;0.4;3161.64
137.93;0.41;3189.06
137.94;0.41;3216.48
137.95;0.41;3243.9
137.96;0.42;3271.32
137.97;0.42;3298.74
137.98;0.42;3326.16
137.99;0.43;3353.58
138;0.43;3381
138.01;0.43;3443.57
138.02;0.44;3506.14
138.03;0.44;3568.71
138.04;0.44;3631.28
138.05;0.45;3693.85
138.06;0.45;3756.42
138.07;0.46;3818.99
138.08;0.46;3881.56
138.09;0.46;3944.13
138.1;0.47;4006.7
138.11;0.47;4069.27
138.12;0.48;4131.84
138.13;0.48;4194.41
138.14;0.48;4256.98
138.15;0.49;4319.55
138.16;0.49;4382.12
138.17;0.5;4444.69
138.18;0.5;4507.26
138.19;0.5;4569.83
138.2;0.51;4632.4
138.21;0.51;4694.97
138.22;0.51;4757.54
138.23;0.52;4820.11
138.24;0.52;4882.68
138.25;0.53;4945.25
138.26;0.53;5007.82
138.27;0.53;5070.39
138.28;0.54;5132.96
138.29;0.54;5195.53
138.3;0.55;5258.1
138.31;0.55;5320.67
138.32;0.55;5383.24
138.33;0.56;5445.81
138.34;0.56;5508.38
138.35;0.57;5570.95
138.36;0.57;5633.52
138.37;0.57;5696.09
138.38;0.58;5758.66
138.39;0.58;5821.23
138.4;0.58;5883.8
138.41;0.59;5946.37
138.42;0.59;6008.94
138.43;0.6;6071.51
138.44;0.6;6134.08
138.45;0.6;6196.65
138.46;0.61;6259.22
138.47;0.61;6321.79
138.48;0.62;6384.36
138.49;0.62;6446.93
138.5;0.62;6509.5
138.51;0.63;6572.07
138.52;0.63;6634.64
138.53;0.64;6697.21
138.54;0.64;6759.78
138.55;0.64;6822.35
138.56;0.65;6884.92
138.57;0.65;6947.49
138.58;0.65;7010.06
138.59;0.66;7072.63
138.6;0.66;7135.2
138.61;0.67;7197.77
138.62;0.67;7260.34
138.63;0.67;7322.91
138.64;0.68;7385.48
138.65;0.68;7448.05
138.66;0.69;7510.62
138.67;0.69;7573.19
138.68;0.69;7635.76
138.69;0.7;7698.33
138.7;0.7;7760.9
138.71;0.71;7823.47
138.72;0.71;7886.04
138.73;0.71;7948.61
138.74;0.72;8011.18
138.75;0.72;8073.75
138.76;0.73;8136.32
138.77;0.73;8198.89
138.78;0.73;8261.46
138.79;0.74;8324.03
138.8;0.74;8386.6
138.81;0.74;8449.17
138.82;0.75;8511.74
138.83;0.75;8574.31
138.84;0.76;8636.88
138.85;0.76;8699.45
138.86;0.76;8762.02
138.87;0.77;8824.59
138.88;0.77;8887.16
138.89;0.78;8949.73
138.9;0.78;9012.3
138.91;0.78;9074.87
138.92;0.79;9137.44
138.93;0.79;9200.01
138.94;0.8;9262.58
138.95;0.8;9325.15
138.96;0.8;9387.72
138.97;0.81;9450.29
138.98;0.81;9512.86
138.99;0.81;9575.43
139;0.82;9638
139.01;0.83;9757.04
139.02;0.83;9876.08
139.03;0.84;9995.12
139.04;0.85;10114.16
139.05;0.86;10233.2
139.06;0.86;10352.24
139.07;0.87;10471.28
139.08;0.88;10590.32
139.09;0.89;10709.36
139.1;0.89;10828.4
139.11;0.9;10947.44
139.12;0.91;11066.48
139.13;0.91;11185.52
139.14;0.92;11304.56
139.15;0.93;11423.6
139.16;0.94;11542.64
139.17;0.94;11661.68
139.18;0.95;11780.72
139.19;0.96;11899.76
139.2;0.97;12018.8
139.21;0.97;12137.84
139.22;0.98;12256.88
139.23;0.99;12375.92
139.24;1;12494.96
139.25;1;12614
139.26;1.01;12733.04
139.27;1.02;12852.08
139.28;1.02;12971.12
139.29;1.03;13090.16
139.3;1.04;13209.2
139.31;1.05;13328.24
139.32;1.05;13447.28
139.33;1.06;13566.32
139.34;1.07;13685.36
139.35;1.08;13804.4
139.36;1.08;13923.44
139.37;1.09;14042.48
139.38;1.1;14161.52
139.39;1.11;14280.56
139.4;1.11;14399.6
139.41;1.12;14518.64
139.42;1.13;14637.68
139.43;1.14;14756.72
139.44;1.14;14875.76
139.45;1.15;14994.8
139.46;1.16;15113.84
139.47;1.16;15232.88
139.48;1.17;15351.92
139.49;1.18;15470.96
139.5;1.19;15590
139.51;1.19;15709.04
139.52;1.2;15828.08
139.53;1.21;15947.12
139.54;1.22;16066.16
139.55;1.22;16185.2
139.56;1.23;16304.24
139.57;1.24;16423.28
139.58;1.25;16542.32
139.59;1.25;16661.36
139.6;1.26;16780.4
139.61;1.27;16899.44
139.62;1.27;17018.48
139.63;1.28;17137.52
139.64;1.29;17256.56
139.65;1.3;17375.6
139.66;1.3;17494.64
139.67;1.31;17613.68
139.68;1.32;17732.72
139.69;1.33;17851.76
139.7;1.33;17970.8
139.71;1.34;18089.84
139.72;1.35;18208.88
139.73;1.36;18327.92
139.74;1.36;18446.96
139.75;1.37;18566
139.76;1.38;18685.04
139.77;1.39;18804.08
139.78;1.39;18923.12
139.79;1.4;19042.16
139.8;1.41;19161.2
139.81;1.41;19280.24
139.82;1.42;19399.28
139.83;1.43;19518.32
139.84;1.44;19637.36
139.85;1.44;19756.4
139.86;1.45;19875.44
139.87;1.46;19994.48
139.88;1.47;20113.52
139.89;1.47;20232.56
139.9;1.48;20351.6
139.91;1.49;20470.64
139.92;1.5;20589.68
139.93;1.5;20708.72
139.94;1.51;20827.76
139.95;1.52;20946.8
139.96;1.53;21065.84
139.97;1.53;21184.88
139.98;1.54;21303.92
139.99;1.55;21422.96
140;1.55;21542
140.01;1.57;21755.96
140.02;1.58;21969.92
140.03;1.59;22183.88
140.04;1.6;22397.84
140.05;1.61;22611.8
140.06;1.62;22825.76
140.07;1.64;23039.72
140.08;1.65;23253.68
140.09;1.66;23467.64
140.1;1.67;23681.6
140.11;1.68;23895.56
140.12;1.69;24109.52
140.13;1.71;24323.48
140.14;1.72;24537.44
140.15;1.73;24751.4
140.16;1.74;24965.36
140.17;1.75;25179.32
140.18;1.76;25393.28
140.19;1.77;25607.24
140.2;1.79;25821.2
140.21;1.8;26035.16
140.22;1.81;26249.12
140.23;1.82;26463.08
140.24;1.83;26677.04
140.25;1.84;26891
140.26;1.86;27104.96
140.27;1.87;27318.92
140.28;1.88;27532.88
140.29;1.89;27746.84
140.3;1.9;27960.8
140.31;1.91;28174.76
140.32;1.93;28388.72
140.33;1.94;28602.68
140.34;1.95;28816.64
140.35;1.96;29030.6
140.36;1.97;29244.56
140.37;1.98;29458.52
140.38;1.99;29672.48
140.39;2.01;29886.44
140.4;2.02;30100.4
140.41;2.03;30314.36
140.42;2.04;30528.32
140.43;2.05;30742.28
140.44;2.06;30956.24
140.45;2.08;31170.2
140.46;2.09;31384.16
140.47;2.1;31598.12
140.48;2.11;31812.08
140.49;2.12;32026.04
140.5;2.13;32240
140.51;2.15;32453.96
140.52;2.16;32667.92
140.53;2.17;32881.88
140.54;2.18;33095.84
140.55;2.19;33309.8
140.56;2.2;33523.76
140.57;2.21;33737.72
140.58;2.23;33951.68
140.59;2.24;34165.64
140.6;2.25;34379.6
140.61;2.26;34593.56
140.62;2.27;34807.52
140.63;2.28;35021.48
140.64;2.3;35235.44
140.65;2.31;35449.4
140.66;2.32;35663.36
140.67;2.33;35877.32
140.68;2.34;36091.28
140.69;2.35;36305.24
140.7;2.37;36519.2
140.71;2.38;36733.16
140.72;2.39;36947.12
140.73;2.4;37161.08
140.74;2.41;37375.04
140.75;2.42;37589
140.76;2.43;37802.96
140.77;2.45;38016.92
140.78;2.46;38230.88
140.79;2.47;38444.84
140.8;2.48;38658.8
140.81;2.49;38872.76
140.82;2.5;39086.72
140.83;2.52;39300.68
140.84;2.53;39514.64
140.85;2.54;39728.6
140.86;2.55;39942.56
140.87;2.56;40156.52
140.88;2.57;40370.48
140.89;2.59;40584.44
140.9;2.6;40798.4
140.91;2.61;41012.36
140.92;2.62;41226.32
140.93;2.63;41440.28
140.94;2.64;41654.24
140.95;2.65;41868.2
140.96;2.67;42082.16
140.97;2.68;42296.12
140.98;2.69;42510.08
140.99;2.7;42724.04
141;2.71;42938
141.01;2.72;43258.91
141.02;2.73;43579.82
141.03;2.74;43900.73
141.04;2.75;44221.64
141.05;2.76;44542.55
141.06;2.77;44863.46
141.07;2.78;45184.37
141.08;2.79;45505.28
141.09;2.8;45826.19
141.1;2.81;46147.1
141.11;2.82;46468.01
141.12;2.83;46788.92
141.13;2.84;47109.83
141.14;2.85;47430.74
141.15;2.86;47751.65
141.16;2.87;48072.56
141.17;2.88;48393.47
141.18;2.89;48714.38
141.19;2.9;49035.29
141.2;2.91;49356.2
141.21;2.92;49677.11
141.22;2.93;49998.02
141.23;2.94;50318.93
141.24;2.95;50639.84
141.25;2.96;50960.75
141.26;2.97;51281.66
141.27;2.98;51602.57
141.28;2.99;51923.48
141.29;3;52244.39
141.3;3.01;52565.3
141.31;3.02;52886.21
141.32;3.03;53207.12
141.33;3.04;53528.03
141.34;3.05;53848.94
141.35;3.06;54169.85
141.36;3.07;54490.76
141.37;3.08;54811.67
141.38;3.09;55132.58
141.39;3.1;55453.49
141.4;3.11;55774.4
141.41;3.12;56095.31
141.42;3.13;56416.22
141.43;3.14;56737.13
141.44;3.15;57058.04
141.45;3.16;57378.95
141.46;3.16;57699.86
141.47;3.17;58020.77
141.48;3.18;58341.68
141.49;3.19;58662.59
141.5;3.2;58983.5
141.51;3.21;59304.41
141.52;3.22;59625.32
141.53;3.23;59946.23
141.54;3.24;60267.14
141.55;3.25;60588.05
141.56;3.26;60908.96
141.57;3.27;61229.87
141.58;3.28;61550.78
141.59;3.29;61871.69
141.6;3.3;62192.6
141.61;3.31;62513.51
141.62;3.32;62834.42
141.63;3.33;63155.33
141.64;3.34;63476.24
141.65;3.35;63797.15
141.66;3.36;64118.06
141.67;3.37;64438.97
141.68;3.38;64759.88
141.69;3.39;65080.79
141.7;3.4;65401.7
141.71;3.41;65722.61
141.72;3.42;66043.52
141.73;3.43;66364.43
141.74;3.44;66685.34
141.75;3.45;67006.25
141.76;3.46;67327.16
141.77;3.47;67648.07
141.78;3.48;67968.98
141.79;3.49;68289.89
141.8;3.5;68610.8
141.81;3.51;68931.71
141.82;3.52;69252.62
141.83;3.53;69573.53
141.84;3.54;69894.44
141.85;3.55;70215.35
141.86;3.56;70536.26
141.87;3.57;70857.17
141.88;3.58;71178.08
141.89;3.59;71498.99
141.9;3.6;71819.9
141.91;3.61;72140.81
141.92;3.62;72461.72
141.93;3.63;72782.63
141.94;3.64;73103.54
141.95;3.65;73424.45
141.96;3.66;73745.36
141.97;3.67;74066.27
141.98;3.68;74387.18
141.99;3.69;74708.09
142;3.7;75029
142.01;3.71;75484.2
142.02;3.73;75939.4
142.03;3.75;76394.6
142.04;3.76;76849.8
142.05;3.78;77305
142.06;3.8;77760.2
142.07;3.81;78215.4
142.08;3.83;78670.6
142.09;3.85;79125.8
142.1;3.87;79581
142.11;3.88;80036.2
142.12;3.9;80491.4
142.13;3.92;80946.6
142.14;3.93;81401.8
142.15;3.95;81857
142.16;3.97;82312.2
142.17;3.98;82767.4
142.18;4;83222.6
142.19;4.02;83677.8
142.2;4.03;84133
142.21;4.05;84588.2
142.22;4.07;85043.4
142.23;4.09;85498.6
142.24;4.1;85953.8
142.25;4.12;86409
142.26;4.14;86864.2
142.27;4.15;87319.4
142.28;4.17;87774.6
142.29;4.19;88229.8
142.3;4.2;88685
142.31;4.22;89140.2
142.32;4.24;89595.4
142.33;4.26;90050.6
142.34;4.27;90505.8
142.35;4.29;90961
142.36;4.31;91416.2
142.37;4.32;91871.4
142.38;4.34;92326.6
142.39;4.36;92781.8
142.4;4.37;93237
142.41;4.39;93692.2
142.42;4.41;94147.4
142.43;4.42;94602.6
142.44;4.44;95057.8
142.45;4.46;95513
142.46;4.48;95968.2
142.47;4.49;96423.4
142.48;4.51;96878.6
142.49;4.53;97333.8
142.5;4.54;97789
142.51;4.56;98244.2
142.52;4.58;98699.4
142.53;4.59;99154.6
142.54;4.61;99609.8
142.55;4.63;100065
142.56;4.65;100520.2
142.57;4.66;100975.4
142.58;4.68;101430.6
142.59;4.7;101885.8
142.6;4.71;102341
142.61;4.73;102796.2
142.62;4.75;103251.4
142.63;4.76;103706.6
142.64;4.78;104161.8
142.65;4.8;104617
142.66;4.81;105072.2
142.67;4.83;105527.4
142.68;4.85;105982.6
142.69;4.87;106437.8
142.7;4.88;106893
142.71;4.9;107348.2
142.72;4.92;107803.4
142.73;4.93;108258.6
142.74;4.95;108713.8
142.75;4.97;109169
142.76;4.98;109624.2
142.77;5;110079.4
142.78;5.02;110534.6
142.79;5.04;110989.8
142.8;5.05;111445
142.81;5.07;111900.2
142.82;5.09;112355.4
142.83;5.1;112810.6
142.84;5.12;113265.8
142.85;5.14;113721
142.86;5.15;114176.2
142.87;5.17;114631.4
142.88;5.19;115086.6
142.89;5.21;115541.8
142.9;5.22;115997
142.91;5.24;116452.2
142.92;5.26;116907.4
142.93;5.27;117362.6
142.94;5.29;117817.8
142.95;5.31;118273
142.96;5.32;118728.2
142.97;5.34;119183.4
142.98;5.36;119638.6
142.99;5.37;120093.8
143;5.39;120549
143.01;5.4;121128.55
143.02;5.41;121708.1
143.03;5.42;122287.65
143.04;5.42;122867.2
143.05;5.43;123446.75
143.06;5.44;124026.3
143.07;5.45;124605.85
143.08;5.46;125185.4
143.09;5.46;125764.95
143.1;5.47;126344.5
143.11;5.48;126924.05
143.12;5.49;127503.6
143.13;5.5;128083.15
143.14;5.5;128662.7
143.15;5.51;129242.25
143.16;5.52;129821.8
143.17;5.53;130401.35
143.18;5.54;130980.9
143.19;5.54;131560.45
143.2;5.55;132140
143.21;5.56;132719.55
143.22;5.57;133299.1
143.23;5.58;133878.65
143.24;5.58;134458.2
143.25;5.59;135037.75
143.26;5.6;135617.3
143.27;5.61;136196.85
143.28;5.62;136776.4
143.29;5.62;137355.95
143.3;5.63;137935.5
143.31;5.64;138515.05
143.32;5.65;139094.6
143.33;5.66;139674.15
143.34;5.66;140253.7
143.35;5.67;140833.25
143.36;5.68;141412.8
143.37;5.69;141992.35
143.38;5.7;142571.9
143.39;5.7;143151.45
143.4;5.71;143731
143.41;5.72;144310.55
143.42;5.73;144890.1
143.43;5.74;145469.65
143.44;5.74;146049.2
143.45;5.75;146628.75
143.46;5.76;147208.3
143.47;5.77;147787.85
143.48;5.78;148367.4
143.49;5.78;148946.95
143.5;5.79;149526.5
143.51;5.8;150106.05
143.52;5.81;150685.6
143.53;5.82;151265.15
143.54;5.82;151844.7
143.55;5.83;152424.25
143.56;5.84;153003.8
143.57;5.85;153583.35
143.58;5.86;154162.9
143.59;5.86;154742.45
143.6;5.87;155322
143.61;5.88;155901.55
143.62;5.89;156481.1
143.63;5.9;157060.65
143.64;5.9;157640.2
143.65;5.91;158219.75
143.66;5.92;158799.3
143.67;5.93;159378.85
143.68;5.94;159958.4
143.69;5.94;160537.95
143.7;5.95;161117.5
143.71;5.96;161697.05
143.72;5.97;162276.6
143.73;5.98;162856.15
143.74;5.98;163435.7
143.75;5.99;164015.25
143.76;6;164594.8
143.77;6.01;165174.35
143.78;6.02;165753.9
143.79;6.02;166333.45
143.8;6.03;166913
143.81;6.04;167492.55
143.82;6.05;168072.1
143.83;6.06;168651.65
143.84;6.06;169231.2
143.85;6.07;169810.75
143.86;6.08;170390.3
143.87;6.09;170969.85
143.88;6.1;171549.4
143.89;6.1;172128.95
143.9;6.11;172708.5
143.91;6.12;173288.05
143.92;6.13;173867.6
143.93;6.14;174447.15
143.94;6.14;175026.7
143.95;6.15;175606.25
143.96;6.16;176185.8
143.97;6.17;176765.35
143.98;6.18;177344.9
143.99;6.18;177924.45
144;6.19;178504
144.01;6.2;179162.3
144.02;6.21;179820.6
144.03;6.21;180478.9
144.04;6.22;181137.2
144.05;6.23;181795.5
144.06;6.24;182453.8
144.07;6.25;183112.1
144.08;6.25;183770.4
144.09;6.26;184428.7
144.1;6.27;185087
144.11;6.28;185745.3
144.12;6.28;186403.6
144.13;6.29;187061.9
144.14;6.3;187720.2
144.15;6.31;188378.5
144.16;6.32;189036.8
144.17;6.32;189695.1
144.18;6.33;190353.4
144.19;6.34;191011.7
144.2;6.35;191670
144.21;6.35;192328.3
144.22;6.36;192986.6
144.23;6.37;193644.9
144.24;6.38;194303.2
144.25;6.39;194961.5
144.26;6.39;195619.8
144.27;6.4;196278.1
144.28;6.41;196936.4
144.29;6.42;197594.7
144.3;6.42;198253
144.31;6.43;198911.3
144.32;6.44;199569.6
144.33;6.45;200227.9
144.34;6.46;200886.2
144.35;6.46;201544.5
144.36;6.47;202202.8
144.37;6.48;202861.1
144.38;6.49;203519.4
144.39;6.49;204177.7
144.4;6.5;204836
144.41;6.51;205494.3
144.42;6.52;206152.6
144.43;6.52;206810.9
144.44;6.53;207469.2
144.45;6.54;208127.5
144.46;6.55;208785.8
144.47;6.56;209444.1
144.48;6.56;210102.4
144.49;6.57;210760.7
144.5;6.58;211419
144.51;6.59;212077.3
144.52;6.59;212735.6
144.53;6.6;213393.9
144.54;6.61;214052.2
144.55;6.62;214710.5
144.56;6.63;215368.8
144.57;6.63;216027.1
144.58;6.64;216685.4
144.59;6.65;217343.7
144.6;6.66;218002
144.61;6.66;218660.3
144.62;6.67;219318.6
144.63;6.68;219976.9
144.64;6.69;220635.2
144.65;6.7;221293.5
144.66;6.7;221951.8
144.67;6.71;222610.1
144.68;6.72;223268.4
144.69;6.73;223926.7
144.7;6.73;224585
144.71;6.74;225243.3
144.72;6.75;225901.6
144.73;6.76;226559.9
144.74;6.77;227218.2
144.75;6.77;227876.5
144.76;6.78;228534.8
144.77;6.79;229193.1
144.78;6.8;229851.4
144.79;6.8;230509.7
144.8;6.81;231168
144.81;6.82;231826.3
144.82;6.83;232484.6
144.83;6.84;233142.9
144.84;6.84;233801.2
144.85;6.85;234459.5
144.86;6.86;235117.8
144.87;6.87;235776.1
144.88;6.87;236434.4
144.89;6.88;237092.7
144.9;6.89;237751
144.91;6.9;238409.3
144.92;6.91;239067.6
144.93;6.91;239725.9
144.94;6.92;240384.2
144.95;6.93;241042.5
144.96;6.94;241700.8
144.97;6.94;242359.1
144.98;6.95;243017.4
144.99;6.96;243675.7
145;6.97;244334
145.01;6.98;245104.47
145.02;7;245874.94
145.03;7.01;246645.41
145.04;7.03;247415.88
145.05;7.04;248186.35
145.06;7.05;248956.82
145.07;7.07;249727.29
145.08;7.08;250497.76
145.09;7.1;251268.23
145.1;7.11;252038.7
145.11;7.13;252809.17
145.12;7.14;253579.64
145.13;7.16;254350.11
145.14;7.17;255120.58
145.15;7.19;255891.05
145.16;7.2;256661.52
145.17;7.22;257431.99
145.18;7.23;258202.46
145.19;7.24;258972.93
145.2;7.26;259743.4
145.21;7.27;260513.87
145.22;7.29;261284.34
145.23;7.3;262054.81
145.24;7.32;262825.28
145.25;7.33;263595.75
145.26;7.35;264366.22
145.27;7.36;265136.69
145.28;7.38;265907.16
145.29;7.39;266677.63
145.3;7.41;267448.1
145.31;7.42;268218.57
145.32;7.43;268989.04
145.33;7.45;269759.51
145.34;7.46;270529.98
145.35;7.48;271300.45
145.36;7.49;272070.92
145.37;7.51;272841.39
145.38;7.52;273611.86
145.39;7.54;274382.33
145.4;7.55;275152.8
145.41;7.57;275923.27
145.42;7.58;276693.74
145.43;7.6;277464.21
145.44;7.61;278234.68
145.45;7.62;279005.15
145.46;7.64;279775.62
145.47;7.65;280546.09
145.48;7.67;281316.56
145.49;7.68;282087.03
145.5;7.7;282857.5
145.51;7.71;283627.97
145.52;7.73;284398.44
145.53;7.74;285168.91
145.54;7.76;285939.38
145.55;7.77;286709.85
145.56;7.78;287480.32
145.57;7.8;288250.79
145.58;7.81;289021.26
145.59;7.83;289791.73
145.6;7.84;290562.2
145.61;7.86;291332.67
145.62;7.87;292103.14
145.63;7.89;292873.61
145.64;7.9;293644.08
145.65;7.92;294414.55
145.66;7.93;295185.02
145.67;7.95;295955.49
145.68;7.96;296725.96
145.69;7.97;297496.43
145.7;7.99;298266.9
145.71;8;299037.37
145.72;8.02;299807.84
145.73;8.03;300578.31
145.74;8.05;301348.78
145.75;8.06;302119.25
145.76;8.08;302889.72
145.77;8.09;303660.19
145.78;8.11;304430.66
145.79;8.12;305201.13
145.8;8.14;305971.6
145.81;8.15;306742.07
145.82;8.16;307512.54
145.83;8.18;308283.01
145.84;8.19;309053.48
145.85;8.21;309823.95
145.86;8.22;310594.42
145.87;8.24;311364.89
145.88;8.25;312135.36
145.89;8.27;312905.83
145.9;8.28;313676.3
145.91;8.3;314446.77
145.92;8.31;315217.24
145.93;8.33;315987.71
145.94;8.34;316758.18
145.95;8.35;317528.65
145.96;8.37;318299.12
145.97;8.38;319069.59
145.98;8.4;319840.06
145.99;8.41;320610.53
146;8.43;321381
146.01;8.45;322313.74
146.02;8.46;323246.48
146.03;8.48;324179.22
146.04;8.5;325111.96
146.05;8.52;326044.7
146.06;8.53;326977.44
146.07;8.55;327910.18
146.08;8.57;328842.92
146.09;8.59;329775.66
146.1;8.61;330708.4
146.11;8.62;331641.14
146.12;8.64;332573.88
146.13;8.66;333506.62
146.14;8.68;334439.36
146.15;8.69;335372.1
146.16;8.71;336304.84
146.17;8.73;337237.58
146.18;8.75;338170.32
146.19;8.77;339103.06
146.2;8.78;340035.8
146.21;8.8;340968.54
146.22;8.82;341901.28
146.23;8.84;342834.02
146.24;8.86;343766.76
146.25;8.87;344699.5
146.26;8.89;345632.24
146.27;8.91;346564.98
146.28;8.93;347497.72
146.29;8.94;348430.46
146.3;8.96;349363.2
146.31;8.98;350295.94
146.32;9;351228.68
146.33;9.02;352161.42
146.34;9.03;353094.16
146.35;9.05;354026.9
146.36;9.07;354959.64
146.37;9.09;355892.38
146.38;9.1;356825.12
146.39;9.12;357757.86
146.4;9.14;358690.6
146.41;9.16;359623.34
146.42;9.18;360556.08
146.43;9.19;361488.82
146.44;9.21;362421.56
146.45;9.23;363354.3
146.46;9.25;364287.04
146.47;9.27;365219.78
146.48;9.28;366152.52
146.49;9.3;367085.26
146.5;9.32;368018
146.51;9.34;368950.74
146.52;9.35;369883.48
146.53;9.37;370816.22
146.54;9.39;371748.96
146.55;9.41;372681.7
146.56;9.43;373614.44
146.57;9.44;374547.18
146.58;9.46;375479.92
146.59;9.48;376412.66
146.6;9.5;377345.4
146.61;9.51;378278.14
146.62;9.53;379210.88
146.63;9.55;380143.62
146.64;9.57;381076.36
146.65;9.59;382009.1
146.66;9.6;382941.84
146.67;9.62;383874.58
146.68;9.64;384807.32
146.69;9.66;385740.06
146.7;9.67;386672.8
146.71;9.69;387605.54
146.72;9.71;388538.28
146.73;9.73;389471.02
146.74;9.75;390403.76
146.75;9.76;391336.5
146.76;9.78;392269.24
146.77;9.8;393201.98
146.78;9.82;394134.72
146.79;9.84;395067.46
146.8;9.85;396000.2
146.81;9.87;396932.94
146.82;9.89;397865.68
146.83;9.91;398798.42
146.84;9.92;399731.16
146.85;9.94;400663.9
146.86;9.96;401596.64
146.87;9.98;402529.38
146.88;10;403462.12
146.89;10.01;404394.86
146.9;10.03;405327.6
146.91;10.05;406260.34
146.92;10.07;407193.08
146.93;10.08;408125.82
146.94;10.1;409058.56
146.95;10.12;409991.3
146.96;10.14;410924.04
146.97;10.16;411856.78
146.98;10.17;412789.52
146.99;10.19;413722.26
147;10.21;414655
147.01;10.23;415772.77
147.02;10.25;416890.54
147.03;10.27;418008.31
147.04;10.29;419126.08
147.05;10.31;420243.85
147.06;10.32;421361.62
147.07;10.34;422479.39
147.08;10.36;423597.16
147.09;10.38;424714.93
147.1;10.4;425832.7
147.11;10.42;426950.47
147.12;10.44;428068.24
147.13;10.46;429186.01
147.14;10.48;430303.78
147.15;10.5;431421.55
147.16;10.52;432539.32
147.17;10.54;433657.09
147.18;10.55;434774.86
147.19;10.57;435892.63
147.2;10.59;437010.4
147.21;10.61;438128.17
147.22;10.63;439245.94
147.23;10.65;440363.71
147.24;10.67;441481.48
147.25;10.69;442599.25
147.26;10.71;443717.02
147.27;10.73;444834.79
147.28;10.75;445952.56
147.29;10.77;447070.33
147.3;10.78;448188.1
147.31;10.8;449305.87
147.32;10.82;450423.64
147.33;10.84;451541.41
147.34;10.86;452659.18
147.35;10.88;453776.95
147.36;10.9;454894.72
147.37;10.92;456012.49
147.38;10.94;457130.26
147.39;10.96;458248.03
147.4;10.98;459365.8
147.41;11;460483.57
147.42;11.01;461601.34
147.43;11.03;462719.11
147.44;11.05;463836.88
147.45;11.07;464954.65
147.46;11.09;466072.42
147.47;11.11;467190.19
147.48;11.13;468307.96
147.49;11.15;469425.73
147.5;11.17;470543.5
147.51;11.19;471661.27
147.52;11.21;472779.04
147.53;11.23;473896.81
147.54;11.24;475014.58
147.55;11.26;476132.35
147.56;11.28;477250.12
147.57;11.3;478367.89
147.58;11.32;479485.66
147.59;11.34;480603.43
147.6;11.36;481721.2
147.61;11.38;482838.97
147.62;11.4;483956.74
147.63;11.42;485074.51
147.64;11.44;486192.28
147.65;11.46;487310.05
147.66;11.47;488427.82
147.67;11.49;489545.59
147.68;11.51;490663.36
147.69;11.53;491781.13
147.7;11.55;492898.9
147.71;11.57;494016.67
147.72;11.59;495134.44
147.73;11.61;496252.21
147.74;11.63;497369.98
147.75;11.65;498487.75
147.76;11.67;499605.52
147.77;11.69;500723.29
147.78;11.71;501841.06
147.79;11.72;502958.83
147.8;11.74;504076.6
147.81;11.76;505194.37
147.82;11.78;506312.14
147.83;11.8;507429.91
147.84;11.82;508547.68
147.85;11.84;509665.45
147.86;11.86;510783.22
147.87;11.88;511900.99
147.88;11.9;513018.76
147.89;11.92;514136.53
147.9;11.94;515254.3
147.91;11.95;516372.07
147.92;11.97;517489.84
147.93;11.99;518607.61
147.94;12.01;519725.38
147.95;12.03;520843.15
147.96;12.05;521960.92
147.97;12.07;523078.69
147.98;12.09;524196.46
147.99;12.11;525314.23
148;12.13;526432
148.01;12.15;527737.53
148.02;12.16;529043.06
148.03;12.18;530348.59
148.04;12.2;531654.12
148.05;12.22;532959.65
148.06;12.24;534265.18
148.07;12.26;535570.71
148.08;12.27;536876.24
148.09;12.29;538181.77
148.1;12.31;539487.3
148.11;12.33;540792.83
148.12;12.35;542098.36
148.13;12.37;543403.89
148.14;12.38;544709.42
148.15;12.4;546014.95
148.16;12.42;547320.48
148.17;12.44;548626.01
148.18;12.46;549931.54
148.19;12.48;551237.07
148.2;12.49;552542.6
148.21;12.51;553848.13
148.22;12.53;555153.66
148.23;12.55;556459.19
148.24;12.57;557764.72
148.25;12.59;559070.25
148.26;12.6;560375.78
148.27;12.62;561681.31
148.28;12.64;562986.84
148.29;12.66;564292.37
148.3;12.68;565597.9
148.31;12.7;566903.43
148.32;12.72;568208.96
148.33;12.73;569514.49
148.34;12.75;570820.02
148.35;12.77;572125.55
148.36;12.79;573431.08
148.37;12.81;574736.61
148.38;12.83;576042.14
148.39;12.84;577347.67
148.4;12.86;578653.2
148.41;12.88;579958.73
148.42;12.9;581264.26
148.43;12.92;582569.79
148.44;12.94;583875.32
148.45;12.95;585180.85
148.46;12.97;586486.38
148.47;12.99;587791.91
148.48;13.01;589097.44
148.49;13.03;590402.97
148.5;13.05;591708.5
148.51;13.06;593014.03
148.52;13.08;594319.56
148.53;13.1;595625.09
148.54;13.12;596930.62
148.55;13.14;598236.15
148.56;13.16;599541.68
148.57;13.17;600847.21
148.58;13.19;602152.74
148.59;13.21;603458.27
148.6;13.23;604763.8
148.61;13.25;606069.33
148.62;13.27;607374.86
148.63;13.29;608680.39
148.64;13.3;609985.92
148.65;13.32;611291.45
148.66;13.34;612596.98
148.67;13.36;613902.51
148.68;13.38;615208.04
148.69;13.4;616513.57
148.7;13.41;617819.1
148.71;13.43;619124.63
148.72;13.45;620430.16
148.73;13.47;621735.69
148.74;13.49;623041.22
148.75;13.51;624346.75
148.76;13.52;625652.28
148.77;13.54;626957.81
148.78;13.56;628263.34
148.79;13.58;629568.87
148.8;13.6;630874.4
148.81;13.62;632179.93
148.82;13.63;633485.46
148.83;13.65;634790.99
148.84;13.67;636096.52
148.85;13.69;637402.05
148.86;13.71;638707.58
148.87;13.73;640013.11
148.88;13.74;641318.64
148.89;13.76;642624.17
148.9;13.78;643929.7
148.91;13.8;645235.23
148.92;13.82;646540.76
148.93;13.84;647846.29
148.94;13.85;649151.82
148.95;13.87;650457.35
148.96;13.89;651762.88
148.97;13.91;653068.41
148.98;13.93;654373.94
148.99;13.95;655679.47
149;13.97;656985
149.01;13.98;658459.41
149.02;14;659933.82
149.03;14.01;661408.23
149.04;14.03;662882.64
149.05;14.04;664357.05
149.06;14.06;665831.46
149.07;14.07;667305.87
149.08;14.09;668780.28
149.09;14.1;670254.69
149.1;14.12;671729.1
149.11;14.13;673203.51
149.12;14.15;674677.92
149.13;14.17;676152.33
149.14;14.18;677626.74
149.15;14.2;679101.15
149.16;14.21;680575.56
149.17;14.23;682049.97
149.18;14.24;683524.38
149.19;14.26;684998.79
149.2;14.27;686473.2
149.21;14.29;687947.61
149.22;14.3;689422.02
149.23;14.32;690896.43
149.24;14.34;692370.84
149.25;14.35;693845.25
149.26;14.37;695319.66
149.27;14.38;696794.07
149.28;14.4;698268.48
149.29;14.41;699742.89
149.3;14.43;701217.3
149.31;14.44;702691.71
149.32;14.46;704166.12
149.33;14.47;705640.53
149.34;14.49;707114.94
149.35;14.51;708589.35
149.36;14.52;710063.76
149.37;14.54;711538.17
149.38;14.55;713012.58
149.39;14.57;714486.99
149.4;14.58;715961.4
149.41;14.6;717435.81
149.42;14.61;718910.22
149.43;14.63;720384.63
149.44;14.64;721859.04
149.45;14.66;723333.45
149.46;14.67;724807.86
149.47;14.69;726282.27
149.48;14.71;727756.68
149.49;14.72;729231.09
149.5;14.74;730705.5
149.51;14.75;732179.91
149.52;14.77;733654.32
149.53;14.78;735128.73
149.54;14.8;736603.14
149.55;14.81;738077.55
149.56;14.83;739551.96
149.57;14.84;741026.37
149.58;14.86;742500.78
149.59;14.88;743975.19
149.6;14.89;745449.6
149.61;14.91;746924.01
149.62;14.92;748398.42
149.63;14.94;749872.83
149.64;14.95;751347.24
149.65;14.97;752821.65
149.66;14.98;754296.06
149.67;15;755770.47
149.68;15.01;757244.88
149.69;15.03;758719.29
149.7;15.04;760193.7
149.71;15.06;761668.11
149.72;15.08;763142.52
149.73;15.09;764616.93
149.74;15.11;766091.34
149.75;15.12;767565.75
149.76;15.14;769040.16
149.77;15.15;770514.57
149.78;15.17;771988.98
149.79;15.18;773463.39
149.8;15.2;774937.8
149.81;15.21;776412.21
149.82;15.23;777886.62
149.83;15.25;779361.03
149.84;15.26;780835.44
149.85;15.28;782309.85
149.86;15.29;783784.26
149.87;15.31;785258.67
149.88;15.32;786733.08
149.89;15.34;788207.49
149.9;15.35;789681.9
149.91;15.37;791156.31
149.92;15.38;792630.72
149.93;15.4;794105.13
149.94;15.41;795579.54
149.95;15.43;797053.95
149.96;15.45;798528.36
149.97;15.46;800002.77
149.98;15.48;801477.18
149.99;15.49;802951.59
150;15.51;804426
150.01;15.53;806078.89
150.02;15.55;807731.78
150.03;15.57;809384.67
150.04;15.59;811037.56
150.05;15.61;812690.45
150.06;15.63;814343.34
150.07;15.65;815996.23
150.08;15.67;817649.12
150.09;15.69;819302.01
150.1;15.71;820954.9
150.11;15.73;822607.79
150.12;15.75;824260.68
150.13;15.77;825913.57
150.14;15.79;827566.46
150.15;15.81;829219.35
150.16;15.83;830872.24
150.17;15.85;832525.13
150.18;15.87;834178.02
150.19;15.89;835830.91
150.2;15.91;837483.8
150.21;15.93;839136.69
150.22;15.95;840789.58
150.23;15.97;842442.47
150.24;15.99;844095.36
150.25;16.01;845748.25
150.26;16.03;847401.14
150.27;16.05;849054.03
150.28;16.07;850706.92
150.29;16.09;852359.81
150.3;16.11;854012.7
150.31;16.13;855665.59
150.32;16.15;857318.48
150.33;16.17;858971.37
150.34;16.2;860624.26
150.35;16.22;862277.15
150.36;16.24;863930.04
150.37;16.26;865582.93
150.38;16.28;867235.82
150.39;16.3;868888.71
150.4;16.32;870541.6
150.41;16.34;872194.49
150.42;16.36;873847.38
150.43;16.38;875500.27
150.44;16.4;877153.16
150.45;16.42;878806.05
150.46;16.44;880458.94
150.47;16.46;882111.83
150.48;16.48;883764.72
150.49;16.5;885417.61
150.5;16.52;887070.5
150.51;16.54;888723.39
150.52;16.56;890376.28
150.53;16.58;892029.17
150.54;16.6;893682.06
150.55;16.62;895334.95
150.56;16.64;896987.84
150.57;16.66;898640.73
150.58;16.68;900293.62
150.59;16.7;901946.51
150.6;16.72;903599.4
150.61;16.74;905252.29
150.62;16.76;906905.18
150.63;16.78;908558.07
150.64;16.8;910210.96
150.65;16.82;911863.85
150.66;16.84;913516.74
150.67;16.86;915169.63
150.68;16.88;916822.52
150.69;16.9;918475.41
150.7;16.92;920128.3
150.71;16.94;921781.19
150.72;16.96;923434.08
150.73;16.98;925086.97
150.74;17;926739.86
150.75;17.02;928392.75
150.76;17.04;930045.64
150.77;17.07;931698.53
150.78;17.09;933351.42
150.79;17.11;935004.31
150.8;17.13;936657.2
150.81;17.15;938310.09
150.82;17.17;939962.98
150.83;17.19;941615.87
150.84;17.21;943268.76
150.85;17.23;944921.65
150.86;17.25;946574.54
150.87;17.27;948227.43
150.88;17.29;949880.32
150.89;17.31;951533.21
150.9;17.33;953186.1
150.91;17.35;954838.99
150.92;17.37;956491.88
150.93;17.39;958144.77
150.94;17.41;959797.66
150.95;17.43;961450.55
150.96;17.45;963103.44
150.97;17.47;964756.33
150.98;17.49;966409.22
150.99;17.51;968062.11
151;17.53;969715
151.01;17.55;971562.22
151.02;17.57;973409.44
151.03;17.59;975256.66
151.04;17.6;977103.88
151.05;17.62;978951.1
151.06;17.64;980798.32
151.07;17.66;982645.54
151.08;17.68;984492.76
151.09;17.7;986339.98
151.1;17.72;988187.2
151.11;17.74;990034.42
151.12;17.75;991881.64
151.13;17.77;993728.86
151.14;17.79;995576.08
151.15;17.81;997423.3
151.16;17.83;999270.52
151.17;17.85;1001117.74
151.18;17.87;1002964.96
151.19;17.88;1004812.18
151.2;17.9;1006659.4
151.21;17.92;1008506.62
151.22;17.94;1010353.84
151.23;17.96;1012201.06
151.24;17.98;1014048.28
151.25;18;1015895.5
151.26;18.02;1017742.72
151.27;18.03;1019589.94
151.28;18.05;1021437.16
151.29;18.07;1023284.38
151.3;18.09;1025131.6
151.31;18.11;1026978.82
151.32;18.13;1028826.04
151.33;18.15;1030673.26
151.34;18.16;1032520.48
151.35;18.18;1034367.7
151.36;18.2;1036214.92
151.37;18.22;1038062.14
151.38;18.24;1039909.36
151.39;18.26;1041756.58
151.4;18.28;1043603.8
151.41;18.29;1045451.02
151.42;18.31;1047298.24
151.43;18.33;1049145.46
151.44;18.35;1050992.68
151.45;18.37;1052839.9
151.46;18.39;1054687.12
151.47;18.41;1056534.34
151.48;18.43;1058381.56
151.49;18.44;1060228.78
151.5;18.46;1062076
151.51;18.48;1063923.22
151.52;18.5;1065770.44
151.53;18.52;1067617.66
151.54;18.54;1069464.88
151.55;18.56;1071312.1
151.56;18.57;1073159.32
151.57;18.59;1075006.54
151.58;18.61;1076853.76
151.59;18.63;1078700.98
151.6;18.65;1080548.2
151.61;18.67;1082395.42
151.62;18.69;1084242.64
151.63;18.71;1086089.86
151.64;18.72;1087937.08
151.65;18.74;1089784.3
151.66;18.76;1091631.52
151.67;18.78;1093478.74
151.68;18.8;1095325.96
151.69;18.82;1097173.18
151.7;18.84;1099020.4
151.71;18.85;1100867.62
151.72;18.87;1102714.84
151.73;18.89;1104562.06
151.74;18.91;1106409.28
151.75;18.93;1108256.5
151.76;18.95;1110103.72
151.77;18.97;1111950.94
151.78;18.99;1113798.16
151.79;19;1115645.38
151.8;19.02;1117492.6
151.81;19.04;1119339.82
151.82;19.06;1121187.04
151.83;19.08;1123034.26
151.84;19.1;1124881.48
151.85;19.12;1126728.7
151.86;19.13;1128575.92
151.87;19.15;1130423.14
151.88;19.17;1132270.36
151.89;19.19;1134117.58
151.9;19.21;1135964.8
151.91;19.23;1137812.02
151.92;19.25;1139659.24
151.93;19.26;1141506.46
151.94;19.28;1143353.68
151.95;19.3;1145200.9
151.96;19.32;1147048.12
151.97;19.34;1148895.34
151.98;19.36;1150742.56
151.99;19.38;1152589.78
152;19.4;1154437
152.01;19.41;1156473.41
152.02;19.43;1158509.82
152.03;19.45;1160546.23
152.04;19.47;1162582.64
152.05;19.49;1164619.05
152.06;19.51;1166655.46
152.07;19.53;1168691.87
152.08;19.55;1170728.28
152.09;19.57;1172764.69
152.1;19.59;1174801.1
152.11;19.61;1176837.51
152.12;19.63;1178873.92
152.13;19.64;1180910.33
152.14;19.66;1182946.74
152.15;19.68;1184983.15
152.16;19.7;1187019.56
152.17;19.72;1189055.97
152.18;19.74;1191092.38
152.19;19.76;1193128.79
152.2;19.78;1195165.2
152.21;19.8;1197201.61
152.22;19.82;1199238.02
152.23;19.84;1201274.43
152.24;19.86;1203310.84
152.25;19.87;1205347.25
152.26;19.89;1207383.66
152.27;19.91;1209420.07
152.28;19.93;1211456.48
152.29;19.95;1213492.89
152.3;19.97;1215529.3
152.31;19.99;1217565.71
152.32;20.01;1219602.12
152.33;20.03;1221638.53
152.34;20.05;1223674.94
152.35;20.07;1225711.35
152.36;20.09;1227747.76
152.37;20.11;1229784.17
152.38;20.12;1231820.58
152.39;20.14;1233856.99
152.4;20.16;1235893.4
152.41;20.18;1237929.81
152.42;20.2;1239966.22
152.43;20.22;1242002.63
152.44;20.24;1244039.04
152.45;20.26;1246075.45
152.46;20.28;1248111.86
152.47;20.3;1250148.27
152.48;20.32;1252184.68
152.49;20.34;1254221.09
152.5;20.35;1256257.5
152.51;20.37;1258293.91
152.52;20.39;1260330.32
152.53;20.41;1262366.73
152.54;20.43;1264403.14
152.55;20.45;1266439.55
152.56;20.47;1268475.96
152.57;20.49;1270512.37
152.58;20.51;1272548.78
152.59;20.53;1274585.19
152.6;20.55;1276621.6
152.61;20.57;1278658.01
152.62;20.58;1280694.42
152.63;20.6;1282730.83
152.64;20.62;1284767.24
152.65;20.64;1286803.65
152.66;20.66;1288840.06
152.67;20.68;1290876.47
152.68;20.7;1292912.88
152.69;20.72;1294949.29
152.7;20.74;1296985.7
152.71;20.76;1299022.11
152.72;20.78;1301058.52
152.73;20.8;1303094.93
152.74;20.81;1305131.34
152.75;20.83;1307167.75
152.76;20.85;1309204.16
152.77;20.87;1311240.57
152.78;20.89;1313276.98
152.79;20.91;1315313.39
152.8;20.93;1317349.8
152.81;20.95;1319386.21
152.82;20.97;1321422.62
152.83;20.99;1323459.03
152.84;21.01;1325495.44
152.85;21.03;1327531.85
152.86;21.04;1329568.26
152.87;21.06;1331604.67
152.88;21.08;1333641.08
152.89;21.1;1335677.49
152.9;21.12;1337713.9
152.91;21.14;1339750.31
152.92;21.16;1341786.72
152.93;21.18;1343823.13
152.94;21.2;1345859.54
152.95;21.22;1347895.95
152.96;21.24;1349932.36
152.97;21.26;1351968.77
152.98;21.28;1354005.18
152.99;21.29;1356041.59
153;21.31;1358078
153.01;21.33;1360286.36
153.02;21.34;1362494.72
153.03;21.36;1364703.08
153.04;21.37;1366911.44
153.05;21.39;1369119.8
153.06;21.4;1371328.16
153.07;21.42;1373536.52
153.08;21.44;1375744.88
153.09;21.45;1377953.24
153.1;21.47;1380161.6
153.11;21.48;1382369.96
153.12;21.5;1384578.32
153.13;21.51;1386786.68
153.14;21.53;1388995.04
153.15;21.54;1391203.4
153.16;21.56;1393411.76
153.17;21.57;1395620.12
153.18;21.59;1397828.48
153.19;21.6;1400036.84
153.2;21.62;1402245.2
153.21;21.63;1404453.56
153.22;21.65;1406661.92
153.23;21.66;1408870.28
153.24;21.68;1411078.64
153.25;21.69;1413287
153.26;21.71;1415495.36
153.27;21.73;1417703.72
153.28;21.74;1419912.08
153.29;21.76;1422120.44
153.3;21.77;1424328.8
153.31;21.79;1426537.16
153.32;21.8;1428745.52
153.33;21.82;1430953.88
153.34;21.83;1433162.24
153.35;21.85;1435370.6
153.36;21.86;1437578.96
153.37;21.88;1439787.32
153.38;21.89;1441995.68
153.39;21.91;1444204.04
153.4;21.92;1446412.4
153.41;21.94;1448620.76
153.42;21.95;1450829.12
153.43;21.97;1453037.48
153.44;21.98;1455245.84
153.45;22;1457454.2
153.46;22.01;1459662.56
153.47;22.03;1461870.92
153.48;22.05;1464079.28
153.49;22.06;1466287.64
153.5;22.08;1468496
153.51;22.09;1470704.36
153.52;22.11;1472912.72
153.53;22.12;1475121.08
153.54;22.14;1477329.44
153.55;22.15;1479537.8
153.56;22.17;1481746.16
153.57;22.18;1483954.52
153.58;22.2;1486162.88
153.59;22.21;1488371.24
153.6;22.23;1490579.6
153.61;22.24;1492787.96
153.62;22.26;1494996.32
153.63;22.27;1497204.68
153.64;22.29;1499413.04
153.65;22.3;1501621.4
153.66;22.32;1503829.76
153.67;22.34;1506038.12
153.68;22.35;1508246.48
153.69;22.37;1510454.84
153.7;22.38;1512663.2
153.71;22.4;1514871.56
153.72;22.41;1517079.92
153.73;22.43;1519288.28
153.74;22.44;1521496.64
153.75;22.46;1523705
153.76;22.47;1525913.36
153.77;22.49;1528121.72
153.78;22.5;1530330.08
153.79;22.52;1532538.44
153.8;22.53;1534746.8
153.81;22.55;1536955.16
153.82;22.56;1539163.52
153.83;22.58;1541371.88
153.84;22.59;1543580.24
153.85;22.61;1545788.6
153.86;22.62;1547996.96
153.87;22.64;1550205.32
153.88;22.66;1552413.68
153.89;22.67;1554622.04
153.9;22.69;1556830.4
153.91;22.7;1559038.76
153.92;22.72;1561247.12
153.93;22.73;1563455.48
153.94;22.75;1565663.84
153.95;22.76;1567872.2
153.96;22.78;1570080.56
153.97;22.79;1572288.92
153.98;22.81;1574497.28
153.99;22.82;1576705.64
154;22.84;1578914
154.01;22.86;1581289.11
154.02;22.87;1583664.22
154.03;22.89;1586039.33
154.04;22.91;1588414.44
154.05;22.93;1590789.55
154.06;22.95;1593164.66
154.07;22.97;1595539.77
154.08;22.98;1597914.88
154.09;23;1600289.99
154.1;23.02;1602665.1
154.11;23.04;1605040.21
154.12;23.06;1607415.32
154.13;23.07;1609790.43
154.14;23.09;1612165.54
154.15;23.11;1614540.65
154.16;23.13;1616915.76
154.17;23.15;1619290.87
154.18;23.16;1621665.98
154.19;23.18;1624041.09
154.2;23.2;1626416.2
154.21;23.22;1628791.31
154.22;23.24;1631166.42
154.23;23.25;1633541.53
154.24;23.27;1635916.64
154.25;23.29;1638291.75
154.26;23.31;1640666.86
154.27;23.33;1643041.97
154.28;23.34;1645417.08
154.29;23.36;1647792.19
154.3;23.38;1650167.3
154.31;23.4;1652542.41
154.32;23.42;1654917.52
154.33;23.43;1657292.63
154.34;23.45;1659667.74
154.35;23.47;1662042.85
154.36;23.49;1664417.96
154.37;23.51;1666793.07
154.38;23.53;1669168.18
154.39;23.54;1671543.29
154.4;23.56;1673918.4
154.41;23.58;1676293.51
154.42;23.6;1678668.62
154.43;23.62;1681043.73
154.44;23.63;1683418.84
154.45;23.65;1685793.95
154.46;23.67;1688169.06
154.47;23.69;1690544.17
154.48;23.71;1692919.28
154.49;23.72;1695294.39
154.5;23.74;1697669.5
154.51;23.76;1700044.61
154.52;23.78;1702419.72
154.53;23.8;1704794.83
154.54;23.81;1707169.94
154.55;23.83;1709545.05
154.56;23.85;1711920.16
154.57;23.87;1714295.27
154.58;23.89;1716670.38
154.59;23.9;1719045.49
154.6;23.92;1721420.6
154.61;23.94;1723795.71
154.62;23.96;1726170.82
154.63;23.98;1728545.93
154.64;24;1730921.04
154.65;24.01;1733296.15
154.66;24.03;1735671.26
154.67;24.05;1738046.37
154.68;24.07;1740421.48
154.69;24.09;1742796.59
154.7;24.1;1745171.7
154.71;24.12;1747546.81
154.72;24.14;1749921.92
154.73;24.16;1752297.03
154.74;24.18;1754672.14
154.75;24.19;1757047.25
154.76;24.21;1759422.36
154.77;24.23;1761797.47
154.78;24.25;1764172.58
154.79;24.27;1766547.69
154.8;24.28;1768922.8
154.81;24.3;1771297.91
154.82;24.32;1773673.02
154.83;24.34;1776048.13
154.84;24.36;1778423.24
154.85;24.37;1780798.35
154.86;24.39;1783173.46
154.87;24.41;1785548.57
154.88;24.43;1787923.68
154.89;24.45;1790298.79
154.9;24.46;1792673.9
154.91;24.48;1795049.01
154.92;24.5;1797424.12
154.93;24.52;1799799.23
154.94;24.54;1802174.34
154.95;24.56;1804549.45
154.96;24.57;1806924.56
154.97;24.59;1809299.67
154.98;24.61;1811674.78
154.99;24.63;1814049.89
155;24.65;1816425
155.01;24.66;1818972.78
155.02;24.68;1821520.56
155.03;24.7;1824068.34
155.04;24.71;1826616.12
155.05;24.73;1829163.9
155.06;24.74;1831711.68
155.07;24.76;1834259.46
155.08;24.78;1836807.24
155.09;24.79;1839355.02
155.1;24.81;1841902.8
155.11;24.83;1844450.58
155.12;24.84;1846998.36
155.13;24.86;1849546.14
155.14;24.88;1852093.92
155.15;24.89;1854641.7
155.16;24.91;1857189.48
155.17;24.93;1859737.26
155.18;24.94;1862285.04
155.19;24.96;1864832.82
155.2;24.98;1867380.6
155.21;24.99;1869928.38
155.22;25.01;1872476.16
155.23;25.02;1875023.94
155.24;25.04;1877571.72
155.25;25.06;1880119.5
155.26;25.07;1882667.28
155.27;25.09;1885215.06
155.28;25.11;1887762.84
155.29;25.12;1890310.62
155.3;25.14;1892858.4
155.31;25.16;1895406.18
155.32;25.17;1897953.96
155.33;25.19;1900501.74
155.34;25.21;1903049.52
155.35;25.22;1905597.3
155.36;25.24;1908145.08
155.37;25.26;1910692.86
155.38;25.27;1913240.64
155.39;25.29;1915788.42
155.4;25.3;1918336.2
155.41;25.32;1920883.98
155.42;25.34;1923431.76
155.43;25.35;1925979.54
155.44;25.37;1928527.32
155.45;25.39;1931075.1
155.46;25.4;1933622.88
155.47;25.42;1936170.66
155.48;25.44;1938718.44
155.49;25.45;1941266.22
155.5;25.47;1943814
155.51;25.49;1946361.78
155.52;25.5;1948909.56
155.53;25.52;1951457.34
155.54;25.54;1954005.12
155.55;25.55;1956552.9
155.56;25.57;1959100.68
155.57;25.58;1961648.46
155.58;25.6;1964196.24
155.59;25.62;1966744.02
155.6;25.63;1969291.8
155.61;25.65;1971839.58
155.62;25.67;1974387.36
155.63;25.68;1976935.14
155.64;25.7;1979482.92
155.65;25.72;1982030.7
155.66;25.73;1984578.48
155.67;25.75;1987126.26
155.68;25.77;1989674.04
155.69;25.78;1992221.82
155.7;25.8;1994769.6
155.71;25.82;1997317.38
155.72;25.83;1999865.16
155.73;25.85;2002412.94
155.74;25.86;2004960.72
155.75;25.88;2007508.5
155.76;25.9;2010056.28
155.77;25.91;2012604.06
155.78;25.93;2015151.84
155.79;25.95;2017699.62
155.8;25.96;2020247.4
155.81;25.98;2022795.18
155.82;26;2025342.96
155.83;26.01;2027890.74
155.84;26.03;2030438.52
155.85;26.05;2032986.3
155.86;26.06;2035534.08
155.87;26.08;2038081.86
155.88;26.1;2040629.64
155.89;26.11;2043177.42
155.9;26.13;2045725.2
155.91;26.15;2048272.98
155.92;26.16;2050820.76
155.93;26.18;2053368.54
155.94;26.19;2055916.32
155.95;26.21;2058464.1
155.96;26.23;2061011.88
155.97;26.24;2063559.66
155.98;26.26;2066107.44
155.99;26.28;2068655.22
156;26.29;2071203
156.01;26.31;2073919.94
156.02;26.33;2076636.88
156.03;26.35;2079353.82
156.04;26.36;2082070.76
156.05;26.38;2084787.7
156.06;26.4;2087504.64
156.07;26.41;2090221.58
156.08;26.43;2092938.52
156.09;26.45;2095655.46
156.1;26.47;2098372.4
156.11;26.48;2101089.34
156.12;26.5;2103806.28
156.13;26.52;2106523.22
156.14;26.54;2109240.16
156.15;26.55;2111957.1
156.16;26.57;2114674.04
156.17;26.59;2117390.98
156.18;26.61;2120107.92
156.19;26.62;2122824.86
156.2;26.64;2125541.8
156.21;26.66;2128258.74
156.22;26.67;2130975.68
156.23;26.69;2133692.62
156.24;26.71;2136409.56
156.25;26.73;2139126.5
156.26;26.74;2141843.44
156.27;26.76;2144560.38
156.28;26.78;2147277.32
156.29;26.8;2149994.26
156.3;26.81;2152711.2
156.31;26.83;2155428.14
156.32;26.85;2158145.08
156.33;26.87;2160862.02
156.34;26.88;2163578.96
156.35;26.9;2166295.9
156.36;26.92;2169012.84
156.37;26.94;2171729.78
156.38;26.95;2174446.72
156.39;26.97;2177163.66
156.4;26.99;2179880.6
156.41;27;2182597.54
156.42;27.02;2185314.48
156.43;27.04;2188031.42
156.44;27.06;2190748.36
156.45;27.07;2193465.3
156.46;27.09;2196182.24
156.47;27.11;2198899.18
156.48;27.13;2201616.12
156.49;27.14;2204333.06
156.5;27.16;2207050
156.51;27.18;2209766.94
156.52;27.2;2212483.88
156.53;27.21;2215200.82
156.54;27.23;2217917.76
156.55;27.25;2220634.7
156.56;27.26;2223351.64
156.57;27.28;2226068.58
156.58;27.3;2228785.52
156.59;27.32;2231502.46
156.6;27.33;2234219.4
156.61;27.35;2236936.34
156.62;27.37;2239653.28
156.63;27.39;2242370.22
156.64;27.4;2245087.16
156.65;27.42;2247804.1
156.66;27.44;2250521.04
156.67;27.46;2253237.98
156.68;27.47;2255954.92
156.69;27.49;2258671.86
156.7;27.51;2261388.8
156.71;27.53;2264105.74
156.72;27.54;2266822.68
156.73;27.56;2269539.62
156.74;27.58;2272256.56
156.75;27.59;2274973.5
156.76;27.61;2277690.44
156.77;27.63;2280407.38
156.78;27.65;2283124.32
156.79;27.66;2285841.26
156.8;27.68;2288558.2
156.81;27.7;2291275.14
156.82;27.72;2293992.08
156.83;27.73;2296709.02
156.84;27.75;2299425.96
156.85;27.77;2302142.9
156.86;27.79;2304859.84
156.87;27.8;2307576.78
156.88;27.82;2310293.72
156.89;27.84;2313010.66
156.9;27.85;2315727.6
156.91;27.87;2318444.54
156.92;27.89;2321161.48
156.93;27.91;2323878.42
156.94;27.92;2326595.36
156.95;27.94;2329312.3
156.96;27.96;2332029.24
156.97;27.98;2334746.18
156.98;27.99;2337463.12
156.99;28.01;2340180.06
157;28.03;2342897
157.01;28.04;2345782.71
157.02;28.06;2348668.42
157.03;28.08;2351554.13
157.04;28.09;2354439.84
157.05;28.11;2357325.55
157.06;28.13;2360211.26
157.07;28.14;2363096.97
157.08;28.16;2365982.68
157.09;28.18;2368868.39
157.1;28.19;2371754.1
157.11;28.21;2374639.81
157.12;28.23;2377525.52
157.13;28.24;2380411.23
157.14;28.26;2383296.94
157.15;28.27;2386182.65
157.16;28.29;2389068.36
157.17;28.31;2391954.07
157.18;28.32;2394839.78
157.19;28.34;2397725.49
157.2;28.36;2400611.2
157.21;28.37;2403496.91
157.22;28.39;2406382.62
157.23;28.41;2409268.33
157.24;28.42;2412154.04
157.25;28.44;2415039.75
157.26;28.45;2417925.46
157.27;28.47;2420811.17
157.28;28.49;2423696.88
157.29;28.5;2426582.59
157.3;28.52;2429468.3
157.31;28.54;2432354.01
157.32;28.55;2435239.72
157.33;28.57;2438125.43
157.34;28.59;2441011.14
157.35;28.6;2443896.85
157.36;28.62;2446782.56
157.37;28.64;2449668.27
157.38;28.65;2452553.98
157.39;28.67;2455439.69
157.4;28.68;2458325.4
157.41;28.7;2461211.11
157.42;28.72;2464096.82
157.43;28.73;2466982.53
157.44;28.75;2469868.24
157.45;28.77;2472753.95
157.46;28.78;2475639.66
157.47;28.8;2478525.37
157.48;28.82;2481411.08
157.49;28.83;2484296.79
157.5;28.85;2487182.5
157.51;28.87;2490068.21
157.52;28.88;2492953.92
157.53;28.9;2495839.63
157.54;28.91;2498725.34
157.55;28.93;2501611.05
157.56;28.95;2504496.76
157.57;28.96;2507382.47
157.58;28.98;2510268.18
157.59;29;2513153.89
157.6;29.01;2516039.6
157.61;29.03;2518925.31
157.62;29.05;2521811.02
157.63;29.06;2524696.73
157.64;29.08;2527582.44
157.65;29.1;2530468.15
157.66;29.11;2533353.86
157.67;29.13;2536239.57
157.68;29.14;2539125.28
157.69;29.16;2542010.99
157.7;29.18;2544896.7
157.71;29.19;2547782.41
157.72;29.21;2550668.12
157.73;29.23;2553553.83
157.74;29.24;2556439.54
157.75;29.26;2559325.25
157.76;29.28;2562210.96
157.77;29.29;2565096.67
157.78;29.31;2567982.38
157.79;29.32;2570868.09
157.8;29.34;2573753.8
157.81;29.36;2576639.51
157.82;29.37;2579525.22
157.83;29.39;2582410.93
157.84;29.41;2585296.64
157.85;29.42;2588182.35
157.86;29.44;2591068.06
157.87;29.46;2593953.77
157.88;29.47;2596839.48
157.89;29.49;2599725.19
157.9;29.51;2602610.9
157.91;29.52;2605496.61
157.92;29.54;2608382.32
157.93;29.55;2611268.03
157.94;29.57;2614153.74
157.95;29.59;2617039.45
157.96;29.6;2619925.16
157.97;29.62;2622810.87
157.98;29.64;2625696.58
157.99;29.65;2628582.29
158;29.67;2631468
158.01;29.69;2634537.13
158.02;29.71;2637606.26
158.03;29.73;2640675.39
158.04;29.75;2643744.52
158.05;29.77;2646813.65
158.06;29.79;2649882.78
158.07;29.81;2652951.91
158.08;29.83;2656021.04
158.09;29.85;2659090.17
158.1;29.87;2662159.3
158.11;29.89;2665228.43
158.12;29.91;2668297.56
158.13;29.93;2671366.69
158.14;29.95;2674435.82
158.15;29.97;2677504.95
158.16;29.99;2680574.08
158.17;30.01;2683643.21
158.18;30.03;2686712.34
158.19;30.05;2689781.47
158.2;30.07;2692850.6
158.21;30.09;2695919.73
158.22;30.11;2698988.86
158.23;30.13;2702057.99
158.24;30.16;2705127.12
158.25;30.18;2708196.25
158.26;30.2;2711265.38
158.27;30.22;2714334.51
158.28;30.24;2717403.64
158.29;30.26;2720472.77
158.3;30.28;2723541.9
158.31;30.3;2726611.03
158.32;30.32;2729680.16
158.33;30.34;2732749.29
158.34;30.36;2735818.42
158.35;30.38;2738887.55
158.36;30.4;2741956.68
158.37;30.42;2745025.81
158.38;30.44;2748094.94
158.39;30.46;2751164.07
158.4;30.48;2754233.2
158.41;30.5;2757302.33
158.42;30.52;2760371.46
158.43;30.54;2763440.59
158.44;30.56;2766509.72
158.45;30.58;2769578.85
158.46;30.6;2772647.98
158.47;30.62;2775717.11
158.48;30.64;2778786.24
158.49;30.66;2781855.37
158.5;30.68;2784924.5
158.51;30.7;2787993.63
158.52;30.72;2791062.76
158.53;30.74;2794131.89
158.54;30.76;2797201.02
158.55;30.78;2800270.15
158.56;30.8;2803339.28
158.57;30.82;2806408.41
158.58;30.84;2809477.54
158.59;30.86;2812546.67
158.6;30.88;2815615.8
158.61;30.9;2818684.93
158.62;30.92;2821754.06
158.63;30.94;2824823.19
158.64;30.96;2827892.32
158.65;30.98;2830961.45
158.66;31;2834030.58
158.67;31.03;2837099.71
158.68;31.05;2840168.84
158.69;31.07;2843237.97
158.7;31.09;2846307.1
158.71;31.11;2849376.23
158.72;31.13;2852445.36
158.73;31.15;2855514.49
158.74;31.17;2858583.62
158.75;31.19;2861652.75
158.76;31.21;2864721.88
158.77;31.23;2867791.01
158.78;31.25;2870860.14
158.79;31.27;2873929.27
158.8;31.29;2876998.4
158.81;31.31;2880067.53
158.82;31.33;2883136.66
158.83;31.35;2886205.79
158.84;31.37;2889274.92
158.85;31.39;2892344.05
158.86;31.41;2895413.18
158.87;31.43;2898482.31
158.88;31.45;2901551.44
158.89;31.47;2904620.57
158.9;31.49;2907689.7
158.91;31.51;2910758.83
158.92;31.53;2913827.96
158.93;31.55;2916897.09
158.94;31.57;2919966.22
158.95;31.59;2923035.35
158.96;31.61;2926104.48
158.97;31.63;2929173.61
158.98;31.65;2932242.74
158.99;31.67;2935311.87
159;31.69;2938381
159.01;31.71;2941661.19
159.02;31.74;2944941.38
159.03;31.76;2948221.57
159.04;31.78;2951501.76
159.05;31.8;2954781.95
159.06;31.82;2958062.14
159.07;31.85;2961342.33
159.08;31.87;2964622.52
159.09;31.89;2967902.71
159.1;31.91;2971182.9
159.11;31.93;2974463.09
159.12;31.96;2977743.28
159.13;31.98;2981023.47
159.14;32;2984303.66
159.15;32.02;2987583.85
159.16;32.04;2990864.04
159.17;32.07;2994144.23
159.18;32.09;2997424.42
159.19;32.11;3000704.61
159.2;32.13;3003984.8
159.21;32.15;3007264.99
159.22;32.18;3010545.18
159.23;32.2;3013825.37
159.24;32.22;3017105.56
159.25;32.24;3020385.75
159.26;32.26;3023665.94
159.27;32.29;3026946.13
159.28;32.31;3030226.32
159.29;32.33;3033506.51
159.3;32.35;3036786.7
159.31;32.37;3040066.89
159.32;32.4;3043347.08
159.33;32.42;3046627.27
159.34;32.44;3049907.46
159.35;32.46;3053187.65
159.36;32.48;3056467.84
159.37;32.51;3059748.03
159.38;32.53;3063028.22
159.39;32.55;3066308.41
159.4;32.57;3069588.6
159.41;32.59;3072868.79
159.42;32.62;3076148.98
159.43;32.64;3079429.17
159.44;32.66;3082709.36
159.45;32.68;3085989.55
159.46;32.7;3089269.74
159.47;32.73;3092549.93
159.48;32.75;3095830.12
159.49;32.77;3099110.31
159.5;32.79;3102390.5
159.51;32.81;3105670.69
159.52;32.83;3108950.88
159.53;32.86;3112231.07
159.54;32.88;3115511.26
159.55;32.9;3118791.45
159.56;32.92;3122071.64
159.57;32.94;3125351.83
159.58;32.97;3128632.02
159.59;32.99;3131912.21
159.6;33.01;3135192.4
159.61;33.03;3138472.59
159.62;33.05;3141752.78
159.63;33.08;3145032.97
159.64;33.1;3148313.16
159.65;33.12;3151593.35
159.66;33.14;3154873.54
159.67;33.16;3158153.73
159.68;33.19;3161433.92
159.69;33.21;3164714.11
159.7;33.23;3167994.3
159.71;33.25;3171274.49
159.72;33.27;3174554.68
159.73;33.3;3177834.87
159.74;33.32;3181115.06
159.75;33.34;3184395.25
159.76;33.36;3187675.44
159.77;33.38;3190955.63
159.78;33.41;3194235.82
159.79;33.43;3197516.01
159.8;33.45;3200796.2
159.81;33.47;3204076.39
159.82;33.49;3207356.58
159.83;33.52;3210636.77
159.84;33.54;3213916.96
159.85;33.56;3217197.15
159.86;33.58;3220477.34
159.87;33.6;3223757.53
159.88;33.63;3227037.72
159.89;33.65;3230317.91
159.9;33.67;3233598.1
159.91;33.69;3236878.29
159.92;33.71;3240158.48
159.93;33.74;3243438.67
159.94;33.76;3246718.86
159.95;33.78;3249999.05
159.96;33.8;3253279.24
159.97;33.82;3256559.43
159.98;33.85;3259839.62
159.99;33.87;3263119.81
160;33.89;3266400
160.01;33.91;3269881.61
160.02;33.93;3273363.22
160.03;33.94;3276844.83
160.04;33.96;3280326.44
160.05;33.98;3283808.05
160.06;34;3287289.66
160.07;34.02;3290771.27
160.08;34.04;3294252.88
160.09;34.05;3297734.49
160.1;34.07;3301216.1
160.11;34.09;3304697.71
160.12;34.11;3308179.32
160.13;34.13;3311660.93
160.14;34.15;3315142.54
160.15;34.16;3318624.15
160.16;34.18;3322105.76
160.17;34.2;3325587.37
160.18;34.22;3329068.98
160.19;34.24;3332550.59
160.2;34.26;3336032.2
160.21;34.27;3339513.81
160.22;34.29;3342995.42
160.23;34.31;3346477.03
160.24;34.33;3349958.64
160.25;34.35;3353440.25
160.26;34.37;3356921.86
160.27;34.38;3360403.47
160.28;34.4;3363885.08
160.29;34.42;3367366.69
160.3;34.44;3370848.3
160.31;34.46;3374329.91
160.32;34.48;3377811.52
160.33;34.49;3381293.13
160.34;34.51;3384774.74
160.35;34.53;3388256.35
160.36;34.55;3391737.96
160.37;34.57;3395219.57
160.38;34.59;3398701.18
160.39;34.6;3402182.79
160.4;34.62;3405664.4
160.41;34.64;3409146.01
160.42;34.66;3412627.62
160.43;34.68;3416109.23
160.44;34.7;3419590.84
160.45;34.72;3423072.45
160.46;34.73;3426554.06
160.47;34.75;3430035.67
160.48;34.77;3433517.28
160.49;34.79;3436998.89
160.5;34.81;3440480.5
160.51;34.83;3443962.11
160.52;34.84;3447443.72
160.53;34.86;3450925.33
160.54;34.88;3454406.94
160.55;34.9;3457888.55
160.56;34.92;3461370.16
160.57;34.94;3464851.77
160.58;34.95;3468333.38
160.59;34.97;3471814.99
160.6;34.99;3475296.6
160.61;35.01;3478778.21
160.62;35.03;3482259.82
160.63;35.05;3485741.43
160.64;35.06;3489223.04
160.65;35.08;3492704.65
160.66;35.1;3496186.26
160.67;35.12;3499667.87
160.68;35.14;3503149.48
160.69;35.16;3506631.09
160.7;35.17;3510112.7
160.71;35.19;3513594.31
160.72;35.21;3517075.92
160.73;35.23;3520557.53
160.74;35.25;3524039.14
160.75;35.27;3527520.75
160.76;35.28;3531002.36
160.77;35.3;3534483.97
160.78;35.32;3537965.58
160.79;35.34;3541447.19
160.8;35.36;3544928.8
160.81;35.38;3548410.41
160.82;35.39;3551892.02
160.83;35.41;3555373.63
160.84;35.43;3558855.24
160.85;35.45;3562336.85
160.86;35.47;3565818.46
160.87;35.49;3569300.07
160.88;35.5;3572781.68
160.89;35.52;3576263.29
160.9;35.54;3579744.9
160.91;35.56;3583226.51
160.92;35.58;3586708.12
160.93;35.6;3590189.73
160.94;35.61;3593671.34
160.95;35.63;3597152.95
160.96;35.65;3600634.56
160.97;35.67;3604116.17
160.98;35.69;3607597.78
160.99;35.71;3611079.39
161;35.72;3614561
161.01;35.75;3618244.11
161.02;35.77;3621927.22
161.03;35.79;3625610.33
161.04;35.81;3629293.44
161.05;35.83;3632976.55
161.06;35.86;3636659.66
161.07;35.88;3640342.77
161.08;35.9;3644025.88
161.09;35.92;3647708.99
161.1;35.94;3651392.1
161.11;35.97;3655075.21
161.12;35.99;3658758.32
161.13;36.01;3662441.43
161.14;36.03;3666124.54
161.15;36.05;3669807.65
161.16;36.08;3673490.76
161.17;36.1;3677173.87
161.18;36.12;3680856.98
161.19;36.14;3684540.09
161.2;36.16;3688223.2
161.21;36.18;3691906.31
161.22;36.21;3695589.42
161.23;36.23;3699272.53
161.24;36.25;3702955.64
161.25;36.27;3706638.75
161.26;36.29;3710321.86
161.27;36.32;3714004.97
161.28;36.34;3717688.08
161.29;36.36;3721371.19
161.3;36.38;3725054.3
161.31;36.4;3728737.41
161.32;36.43;3732420.52
161.33;36.45;3736103.63
161.34;36.47;3739786.74
161.35;36.49;3743469.85
161.36;36.51;3747152.96
161.37;36.54;3750836.07
161.38;36.56;3754519.18
161.39;36.58;3758202.29
161.4;36.6;3761885.4
161.41;36.62;3765568.51
161.42;36.64;3769251.62
161.43;36.67;3772934.73
161.44;36.69;3776617.84
161.45;36.71;3780300.95
161.46;36.73;3783984.06
161.47;36.75;3787667.17
161.48;36.78;3791350.28
161.49;36.8;3795033.39
161.5;36.82;3798716.5
161.51;36.84;3802399.61
161.52;36.86;3806082.72
161.53;36.89;3809765.83
161.54;36.91;3813448.94
161.55;36.93;3817132.05
161.56;36.95;3820815.16
161.57;36.97;3824498.27
161.58;37;3828181.38
161.59;37.02;3831864.49
161.6;37.04;3835547.6
161.61;37.06;3839230.71
161.62;37.08;3842913.82
161.63;37.1;3846596.93
161.64;37.13;3850280.04
161.65;37.15;3853963.15
161.66;37.17;3857646.26
161.67;37.19;3861329.37
161.68;37.21;3865012.48
161.69;37.24;3868695.59
161.7;37.26;3872378.7
161.71;37.28;3876061.81
161.72;37.3;3879744.92
161.73;37.32;3883428.03
161.74;37.35;3887111.14
161.75;37.37;3890794.25
161.76;37.39;3894477.36
161.77;37.41;3898160.47
161.78;37.43;3901843.58
161.79;37.46;3905526.69
161.8;37.48;3909209.8
161.81;37.5;3912892.91
161.82;37.52;3916576.02
161.83;37.54;3920259.13
161.84;37.56;3923942.24
161.85;37.59;3927625.35
161.86;37.61;3931308.46
161.87;37.63;3934991.57
161.88;37.65;3938674.68
161.89;37.67;3942357.79
161.9;37.7;3946040.9
161.91;37.72;3949724.01
161.92;37.74;3953407.12
161.93;37.76;3957090.23
161.94;37.78;3960773.34
161.95;37.81;3964456.45
161.96;37.83;3968139.56
161.97;37.85;3971822.67
161.98;37.87;3975505.78
161.99;37.89;3979188.89
162;37.92;3982872
162.01;37.94;3986771.82
162.02;37.96;3990671.64
162.03;37.98;3994571.46
162.04;38;3998471.28
162.05;38.02;4002371.1
162.06;38.04;4006270.92
162.07;38.07;4010170.74
162.08;38.09;4014070.56
162.09;38.11;4017970.38
162.1;38.13;4021870.2
162.11;38.15;4025770.02
162.12;38.17;4029669.84
162.13;38.19;4033569.66
162.14;38.22;4037469.48
162.15;38.24;4041369.3
162.16;38.26;4045269.12
162.17;38.28;4049168.94
162.18;38.3;4053068.76
162.19;38.32;4056968.58
162.2;38.34;4060868.4
162.21;38.37;4064768.22
162.22;38.39;4068668.04
162.23;38.41;4072567.86
162.24;38.43;4076467.68
162.25;38.45;4080367.5
162.26;38.47;4084267.32
162.27;38.49;4088167.14
162.28;38.52;4092066.96
162.29;38.54;4095966.78
162.3;38.56;4099866.6
162.31;38.58;4103766.42
162.32;38.6;4107666.24
162.33;38.62;4111566.06
162.34;38.64;4115465.88
162.35;38.67;4119365.7
162.36;38.69;4123265.52
162.37;38.71;4127165.34
162.38;38.73;4131065.16
162.39;38.75;4134964.98
162.4;38.77;4138864.8
162.41;38.79;4142764.62
162.42;38.82;4146664.44
162.43;38.84;4150564.26
162.44;38.86;4154464.08
162.45;38.88;4158363.9
162.46;38.9;4162263.72
162.47;38.92;4166163.54
162.48;38.94;4170063.36
162.49;38.97;4173963.18
162.5;38.99;4177863
162.51;39.01;4181762.82
162.52;39.03;4185662.64
162.53;39.05;4189562.46
162.54;39.07;4193462.28
162.55;39.09;4197362.1
162.56;39.12;4201261.92
162.57;39.14;4205161.74
162.58;39.16;4209061.56
162.59;39.18;4212961.38
162.6;39.2;4216861.2
162.61;39.22;4220761.02
162.62;39.24;4224660.84
162.63;39.27;4228560.66
162.64;39.29;4232460.48
162.65;39.31;4236360.3
162.66;39.33;4240260.12
162.67;39.35;4244159.94
162.68;39.37;4248059.76
162.69;39.39;4251959.58
162.7;39.42;4255859.4
162.71;39.44;4259759.22
162.72;39.46;4263659.04
162.73;39.48;4267558.86
162.74;39.5;4271458.68
162.75;39.52;4275358.5
162.76;39.55;4279258.32
162.77;39.57;4283158.14
162.78;39.59;4287057.96
162.79;39.61;4290957.78
162.8;39.63;4294857.6
162.81;39.65;4298757.42
162.82;39.67;4302657.24
162.83;39.7;4306557.06
162.84;39.72;4310456.88
162.85;39.74;4314356.7
162.86;39.76;4318256.52
162.87;39.78;4322156.34
162.88;39.8;4326056.16
162.89;39.82;4329955.98
162.9;39.85;4333855.8
162.91;39.87;4337755.62
162.92;39.89;4341655.44
162.93;39.91;4345555.26
162.94;39.93;4349455.08
162.95;39.95;4353354.9
162.96;39.97;4357254.72
162.97;40;4361154.54
162.98;40.02;4365054.36
162.99;40.04;4368954.18
163;40.06;4372854
163.01;40.08;4376967.8
163.02;40.1;4381081.6
163.03;40.12;4385195.4
163.04;40.15;4389309.2
163.05;40.17;4393423
163.06;40.19;4397536.8
163.07;40.21;4401650.6
163.08;40.23;4405764.4
163.09;40.25;4409878.2
163.1;40.27;4413992
163.11;40.29;4418105.8
163.12;40.32;4422219.6
163.13;40.34;4426333.4
163.14;40.36;4430447.2
163.15;40.38;4434561
163.16;40.4;4438674.8
163.17;40.42;4442788.6
163.18;40.44;4446902.4
163.19;40.47;4451016.2
163.2;40.49;4455130
163.21;40.51;4459243.8
163.22;40.53;4463357.6
163.23;40.55;4467471.4
163.24;40.57;4471585.2
163.25;40.59;4475699
163.26;40.61;4479812.8
163.27;40.64;4483926.6
163.28;40.66;4488040.4
163.29;40.68;4492154.2
163.3;40.7;4496268
163.31;40.72;4500381.8
163.32;40.74;4504495.6
163.33;40.76;4508609.4
163.34;40.79;4512723.2
163.35;40.81;4516837
163.36;40.83;4520950.8
163.37;40.85;4525064.6
163.38;40.87;4529178.4
163.39;40.89;4533292.2
163.4;40.91;4537406
163.41;40.94;4541519.8
163.42;40.96;4545633.6
163.43;40.98;4549747.4
163.44;41;4553861.2
163.45;41.02;4557975
163.46;41.04;4562088.8
163.47;41.06;4566202.6
163.48;41.08;4570316.4
163.49;41.11;4574430.2
163.5;41.13;4578544
163.51;41.15;4582657.8
163.52;41.17;4586771.6
163.53;41.19;4590885.4
163.54;41.21;4594999.2
163.55;41.23;4599113
163.56;41.26;4603226.8
163.57;41.28;4607340.6
163.58;41.3;4611454.4
163.59;41.32;4615568.2
163.6;41.34;4619682
163.61;41.36;4623795.8
163.62;41.38;4627909.6
163.63;41.4;4632023.4
163.64;41.43;4636137.2
163.65;41.45;4640251
163.66;41.47;4644364.8
163.67;41.49;4648478.6
163.68;41.51;4652592.4
163.69;41.53;4656706.2
163.7;41.55;4660820
163.71;41.58;4664933.8
163.72;41.6;4669047.6
163.73;41.62;4673161.4
163.74;41.64;4677275.2
163.75;41.66;4681389
163.76;41.68;4685502.8
163.77;41.7;4689616.6
163.78;41.73;4693730.4
163.79;41.75;4697844.2
163.8;41.77;4701958
163.81;41.79;4706071.8
163.82;41.81;4710185.6
163.83;41.83;4714299.4
163.84;41.85;4718413.2
163.85;41.87;4722527
163.86;41.9;4726640.8
163.87;41.92;4730754.6
163.88;41.94;4734868.4
163.89;41.96;4738982.2
163.9;41.98;4743096
163.91;42;4747209.8
163.92;42.02;4751323.6
163.93;42.05;4755437.4
163.94;42.07;4759551.2
163.95;42.09;4763665
163.96;42.11;4767778.8
163.97;42.13;4771892.6
163.98;42.15;4776006.4
163.99;42.17;4780120.2
164;42.19;4784234
164.01;42.22;4788561.29
164.02;42.24;4792888.58
164.03;42.26;4797215.87
164.04;42.28;4801543.16
164.05;42.3;4805870.45
164.06;42.32;4810197.74
164.07;42.34;4814525.03
164.08;42.37;4818852.32
164.09;42.39;4823179.61
164.1;42.41;4827506.9
164.11;42.43;4831834.19
164.12;42.45;4836161.48
164.13;42.47;4840488.77
164.14;42.49;4844816.06
164.15;42.52;4849143.35
164.16;42.54;4853470.64
164.17;42.56;4857797.93
164.18;42.58;4862125.22
164.19;42.6;4866452.51
164.2;42.62;4870779.8
164.21;42.64;4875107.09
164.22;42.66;4879434.38
164.23;42.69;4883761.67
164.24;42.71;4888088.96
164.25;42.73;4892416.25
164.26;42.75;4896743.54
164.27;42.77;4901070.83
164.28;42.79;4905398.12
164.29;42.81;4909725.41
164.3;42.84;4914052.7
164.31;42.86;4918379.99
164.32;42.88;4922707.28
164.33;42.9;4927034.57
164.34;42.92;4931361.86
164.35;42.94;4935689.15
164.36;42.96;4940016.44
164.37;42.98;4944343.73
164.38;43.01;4948671.02
164.39;43.03;4952998.31
164.4;43.05;4957325.6
164.41;43.07;4961652.89
164.42;43.09;4965980.18
164.43;43.11;4970307.47
164.44;43.13;4974634.76
164.45;43.16;4978962.05
164.46;43.18;4983289.34
164.47;43.2;4987616.63
164.48;43.22;4991943.92
164.49;43.24;4996271.21
164.5;43.26;5000598.5
164.51;43.28;5004925.79
164.52;43.3;5009253.08
164.53;43.33;5013580.37
164.54;43.35;5017907.66
164.55;43.37;5022234.95
164.56;43.39;5026562.24
164.57;43.41;5030889.53
164.58;43.43;5035216.82
164.59;43.45;5039544.11
164.6;43.48;5043871.4
164.61;43.5;5048198.69
164.62;43.52;5052525.98
164.63;43.54;5056853.27
164.64;43.56;5061180.56
164.65;43.58;5065507.85
164.66;43.6;5069835.14
164.67;43.63;5074162.43
164.68;43.65;5078489.72
164.69;43.67;5082817.01
164.7;43.69;5087144.3
164.71;43.71;5091471.59
164.72;43.73;5095798.88
164.73;43.75;5100126.17
164.74;43.77;5104453.46
164.75;43.8;5108780.75
164.76;43.82;5113108.04
164.77;43.84;5117435.33
164.78;43.86;5121762.62
164.79;43.88;5126089.91
164.8;43.9;5130417.2
164.81;43.92;5134744.49
164.82;43.95;5139071.78
164.83;43.97;5143399.07
164.84;43.99;5147726.36
164.85;44.01;5152053.65
164.86;44.03;5156380.94
164.87;44.05;5160708.23
164.88;44.07;5165035.52
164.89;44.09;5169362.81
164.9;44.12;5173690.1
164.91;44.14;5178017.39
164.92;44.16;5182344.68
164.93;44.18;5186671.97
164.94;44.2;5190999.26
164.95;44.22;5195326.55
164.96;44.24;5199653.84
164.97;44.27;5203981.13
164.98;44.29;5208308.42
164.99;44.31;5212635.71
165;44.33;5216963
165.01;44.35;5221492.05
165.02;44.37;5226021.1
165.03;44.39;5230550.15
165.04;44.41;5235079.2
165.05;44.42;5239608.25
165.06;44.44;5244137.3
165.07;44.46;5248666.35
165.08;44.48;5253195.4
165.09;44.5;5257724.45
165.1;44.52;5262253.5
165.11;44.54;5266782.55
165.12;44.56;5271311.6
165.13;44.58;5275840.65
165.14;44.6;5280369.7
165.15;44.62;5284898.75
165.16;44.63;5289427.8
165.17;44.65;5293956.85
165.18;44.67;5298485.9
165.19;44.69;5303014.95
165.2;44.71;5307544
165.21;44.73;5312073.05
165.22;44.75;5316602.1
165.23;44.77;5321131.15
165.24;44.79;5325660.2
165.25;44.81;5330189.25
165.26;44.82;5334718.3
165.27;44.84;5339247.35
165.28;44.86;5343776.4
165.29;44.88;5348305.45
165.3;44.9;5352834.5
165.31;44.92;5357363.55
165.32;44.94;5361892.6
165.33;44.96;5366421.65
165.34;44.98;5370950.7
165.35;45;5375479.75
165.36;45.01;5380008.8
165.37;45.03;5384537.85
165.38;45.05;5389066.9
165.39;45.07;5393595.95
165.4;45.09;5398125
165.41;45.11;5402654.05
165.42;45.13;5407183.1
165.43;45.15;5411712.15
165.44;45.17;5416241.2
165.45;45.19;5420770.25
165.46;45.2;5425299.3
165.47;45.22;5429828.35
165.48;45.24;5434357.4
165.49;45.26;5438886.45
165.5;45.28;5443415.5
165.51;45.3;5447944.55
165.52;45.32;5452473.6
165.53;45.34;5457002.65
165.54;45.36;5461531.7
165.55;45.38;5466060.75
165.56;45.4;5470589.8
165.57;45.41;5475118.85
165.58;45.43;5479647.9
165.59;45.45;5484176.95
165.6;45.47;5488706
165.61;45.49;5493235.05
165.62;45.51;5497764.1
165.63;45.53;5502293.15
165.64;45.55;5506822.2
165.65;45.57;5511351.25
165.66;45.59;5515880.3
165.67;45.6;5520409.35
165.68;45.62;5524938.4
165.69;45.64;5529467.45
165.7;45.66;5533996.5
165.71;45.68;5538525.55
165.72;45.7;5543054.6
165.73;45.72;5547583.65
165.74;45.74;5552112.7
165.75;45.76;5556641.75
165.76;45.78;5561170.8
165.77;45.79;5565699.85
165.78;45.81;5570228.9
165.79;45.83;5574757.95
165.8;45.85;5579287
165.81;45.87;5583816.05
165.82;45.89;5588345.1
165.83;45.91;5592874.15
165.84;45.93;5597403.2
165.85;45.95;5601932.25
165.86;45.97;5606461.3
165.87;45.98;5610990.35
165.88;46;5615519.4
165.89;46.02;5620048.45
165.9;46.04;5624577.5
165.91;46.06;5629106.55
165.92;46.08;5633635.6
165.93;46.1;5638164.65
165.94;46.12;5642693.7
165.95;46.14;5647222.75
165.96;46.16;5651751.8
165.97;46.18;5656280.85
165.98;46.19;5660809.9
165.99;46.21;5665338.95
166;46.23;5669868
166.01;46.25;5674605.16
166.02;46.28;5679342.32
166.03;46.3;5684079.48
166.04;46.32;5688816.64
166.05;46.35;5693553.8
166.06;46.37;5698290.96
166.07;46.39;5703028.12
166.08;46.41;5707765.28
166.09;46.44;5712502.44
166.1;46.46;5717239.6
166.11;46.48;5721976.76
166.12;46.5;5726713.92
166.13;46.53;5731451.08
166.14;46.55;5736188.24
166.15;46.57;5740925.4
166.16;46.59;5745662.56
166.17;46.62;5750399.72
166.18;46.64;5755136.88
166.19;46.66;5759874.04
166.2;46.68;5764611.2
166.21;46.71;5769348.36
166.22;46.73;5774085.52
166.23;46.75;5778822.68
166.24;46.77;5783559.84
166.25;46.8;5788297
166.26;46.82;5793034.16
166.27;46.84;5797771.32
166.28;46.86;5802508.48
166.29;46.89;5807245.64
166.3;46.91;5811982.8
166.31;46.93;5816719.96
166.32;46.95;5821457.12
166.33;46.98;5826194.28
166.34;47;5830931.44
166.35;47.02;5835668.6
166.36;47.04;5840405.76
166.37;47.07;5845142.92
166.38;47.09;5849880.08
166.39;47.11;5854617.24
166.4;47.13;5859354.4
166.41;47.16;5864091.56
166.42;47.18;5868828.72
166.43;47.2;5873565.88
166.44;47.22;5878303.04
166.45;47.25;5883040.2
166.46;47.27;5887777.36
166.47;47.29;5892514.52
166.48;47.32;5897251.68
166.49;47.34;5901988.84
166.5;47.36;5906726
166.51;47.38;5911463.16
166.52;47.41;5916200.32
166.53;47.43;5920937.48
166.54;47.45;5925674.64
166.55;47.47;5930411.8
166.56;47.5;5935148.96
166.57;47.52;5939886.12
166.58;47.54;5944623.28
166.59;47.56;5949360.44
166.6;47.59;5954097.6
166.61;47.61;5958834.76
166.62;47.63;5963571.92
166.63;47.65;5968309.08
166.64;47.68;5973046.24
166.65;47.7;5977783.4
166.66;47.72;5982520.56
166.67;47.74;5987257.72
166.68;47.77;5991994.88
166.69;47.79;5996732.04
166.7;47.81;6001469.2
166.71;47.83;6006206.36
166.72;47.86;6010943.52
166.73;47.88;6015680.68
166.74;47.9;6020417.84
166.75;47.92;6025155
166.76;47.95;6029892.16
166.77;47.97;6034629.32
166.78;47.99;6039366.48
166.79;48.01;6044103.64
166.8;48.04;6048840.8
166.81;48.06;6053577.96
166.82;48.08;6058315.12
166.83;48.1;6063052.28
166.84;48.13;6067789.44
166.85;48.15;6072526.6
166.86;48.17;6077263.76
166.87;48.2;6082000.92
166.88;48.22;6086738.08
166.89;48.24;6091475.24
166.9;48.26;6096212.4
166.91;48.29;6100949.56
166.92;48.31;6105686.72
166.93;48.33;6110423.88
166.94;48.35;6115161.04
166.95;48.38;6119898.2
166.96;48.4;6124635.36
166.97;48.42;6129372.52
166.98;48.44;6134109.68
166.99;48.47;6138846.84
167;48.49;6143584
167.01;48.51;6148531.69
167.02;48.53;6153479.38
167.03;48.55;6158427.07
167.04;48.57;6163374.76
167.05;48.59;6168322.45
167.06;48.61;6173270.14
167.07;48.63;6178217.83
167.08;48.65;6183165.52
167.09;48.66;6188113.21
167.1;48.68;6193060.9
167.11;48.7;6198008.59
167.12;48.72;6202956.28
167.13;48.74;6207903.97
167.14;48.76;6212851.66
167.15;48.78;6217799.35
167.16;48.8;6222747.04
167.17;48.82;6227694.73
167.18;48.84;6232642.42
167.19;48.86;6237590.11
167.2;48.88;6242537.8
167.21;48.9;6247485.49
167.22;48.92;6252433.18
167.23;48.94;6257380.87
167.24;48.96;6262328.56
167.25;48.98;6267276.25
167.26;49;6272223.94
167.27;49.02;6277171.63
167.28;49.04;6282119.32
167.29;49.06;6287067.01
167.3;49.08;6292014.7
167.31;49.1;6296962.39
167.32;49.11;6301910.08
167.33;49.13;6306857.77
167.34;49.15;6311805.46
167.35;49.17;6316753.15
167.36;49.19;6321700.84
167.37;49.21;6326648.53
167.38;49.23;6331596.22
167.39;49.25;6336543.91
167.4;49.27;6341491.6
167.41;49.29;6346439.29
167.42;49.31;6351386.98
167.43;49.33;6356334.67
167.44;49.35;6361282.36
167.45;49.37;6366230.05
167.46;49.39;6371177.74
167.47;49.41;6376125.43
167.48;49.43;6381073.12
167.49;49.45;6386020.81
167.5;49.47;6390968.5
167.51;49.49;6395916.19
167.52;49.51;6400863.88
167.53;49.53;6405811.57
167.54;49.55;6410759.26
167.55;49.56;6415706.95
167.56;49.58;6420654.64
167.57;49.6;6425602.33
167.58;49.62;6430550.02
167.59;49.64;6435497.71
167.6;49.66;6440445.4
167.61;49.68;6445393.09
167.62;49.7;6450340.78
167.63;49.72;6455288.47
167.64;49.74;6460236.16
167.65;49.76;6465183.85
167.66;49.78;6470131.54
167.67;49.8;6475079.23
167.68;49.82;6480026.92
167.69;49.84;6484974.61
167.7;49.86;6489922.3
167.71;49.88;6494869.99
167.72;49.9;6499817.68
167.73;49.92;6504765.37
167.74;49.94;6509713.06
167.75;49.96;6514660.75
167.76;49.98;6519608.44
167.77;50;6524556.13
167.78;50.02;6529503.82
167.79;50.03;6534451.51
167.8;50.05;6539399.2
167.81;50.07;6544346.89
167.82;50.09;6549294.58
167.83;50.11;6554242.27
167.84;50.13;6559189.96
167.85;50.15;6564137.65
167.86;50.17;6569085.34
167.87;50.19;6574033.03
167.88;50.21;6578980.72
167.89;50.23;6583928.41
167.9;50.25;6588876.1
167.91;50.27;6593823.79
167.92;50.29;6598771.48
167.93;50.31;6603719.17
167.94;50.33;6608666.86
167.95;50.35;6613614.55
167.96;50.37;6618562.24
167.97;50.39;6623509.93
167.98;50.41;6628457.62
167.99;50.43;6633405.31
168;50.45;6638353
168.01;50.46;6643494.42
168.02;50.48;6648635.84
168.03;50.5;6653777.26
168.04;50.52;6658918.68
168.05;50.54;6664060.1
168.06;50.56;6669201.52
168.07;50.58;6674342.94
168.08;50.6;6679484.36
168.09;50.62;6684625.78
168.1;50.64;6689767.2
168.11;50.66;6694908.62
168.12;50.68;6700050.04
168.13;50.69;6705191.46
168.14;50.71;6710332.88
168.15;50.73;6715474.3
168.16;50.75;6720615.72
168.17;50.77;6725757.14
168.18;50.79;6730898.56
168.19;50.81;6736039.98
168.2;50.83;6741181.4
168.21;50.85;6746322.82
168.22;50.87;6751464.24
168.23;50.89;6756605.66
168.24;50.91;6761747.08
168.25;50.93;6766888.5
168.26;50.94;6772029.92
168.27;50.96;6777171.34
168.28;50.98;6782312.76
168.29;51;6787454.18
168.3;51.02;6792595.6
168.31;51.04;6797737.02
168.32;51.06;6802878.44
168.33;51.08;6808019.86
168.34;51.1;6813161.28
168.35;51.12;6818302.7
168.36;51.14;6823444.12
168.37;51.16;6828585.54
168.38;51.17;6833726.96
168.39;51.19;6838868.38
168.4;51.21;6844009.8
168.41;51.23;6849151.22
168.42;51.25;6854292.64
168.43;51.27;6859434.06
168.44;51.29;6864575.48
168.45;51.31;6869716.9
168.46;51.33;6874858.32
168.47;51.35;6879999.74
168.48;51.37;6885141.16
168.49;51.39;6890282.58
168.5;51.4;6895424
168.51;51.42;6900565.42
168.52;51.44;6905706.84
168.53;51.46;6910848.26
168.54;51.48;6915989.68
168.55;51.5;6921131.1
168.56;51.52;6926272.52
168.57;51.54;6931413.94
168.58;51.56;6936555.36
168.59;51.58;6941696.78
168.6;51.6;6946838.2
168.61;51.62;6951979.62
168.62;51.63;6957121.04
168.63;51.65;6962262.46
168.64;51.67;6967403.88
168.65;51.69;6972545.3
168.66;51.71;6977686.72
168.67;51.73;6982828.14
168.68;51.75;6987969.56
168.69;51.77;6993110.98
168.7;51.79;6998252.4
168.71;51.81;7003393.82
168.72;51.83;7008535.24
168.73;51.85;7013676.66
168.74;51.86;7018818.08
168.75;51.88;7023959.5
168.76;51.9;7029100.92
168.77;51.92;7034242.34
168.78;51.94;7039383.76
168.79;51.96;7044525.18
168.8;51.98;7049666.6
168.81;52;7054808.02
168.82;52.02;7059949.44
168.83;52.04;7065090.86
168.84;52.06;7070232.28
168.85;52.08;7075373.7
168.86;52.1;7080515.12
168.87;52.11;7085656.54
168.88;52.13;7090797.96
168.89;52.15;7095939.38
168.9;52.17;7101080.8
168.91;52.19;7106222.22
168.92;52.21;7111363.64
168.93;52.23;7116505.06
168.94;52.25;7121646.48
168.95;52.27;7126787.9
168.96;52.29;7131929.32
168.97;52.31;7137070.74
168.98;52.33;7142212.16
168.99;52.34;7147353.58
169;52.36;7152495
169.01;52.39;7157839.64
169.02;52.41;7163184.28
169.03;52.43;7168528.92
169.04;52.45;7173873.56
169.05;52.47;7179218.2
169.06;52.49;7184562.84
169.07;52.51;7189907.48
169.08;52.54;7195252.12
169.09;52.56;7200596.76
169.1;52.58;7205941.4
169.11;52.6;7211286.04
169.12;52.62;7216630.68
169.13;52.64;7221975.32
169.14;52.66;7227319.96
169.15;52.69;7232664.6
169.16;52.71;7238009.24
169.17;52.73;7243353.88
169.18;52.75;7248698.52
169.19;52.77;7254043.16
169.2;52.79;7259387.8
169.21;52.81;7264732.44
169.22;52.84;7270077.08
169.23;52.86;7275421.72
169.24;52.88;7280766.36
169.25;52.9;7286111
169.26;52.92;7291455.64
169.27;52.94;7296800.28
169.28;52.96;7302144.92
169.29;52.99;7307489.56
169.3;53.01;7312834.2
169.31;53.03;7318178.84
169.32;53.05;7323523.48
169.33;53.07;7328868.12
169.34;53.09;7334212.76
169.35;53.11;7339557.4
169.36;53.14;7344902.04
169.37;53.16;7350246.68
169.38;53.18;7355591.32
169.39;53.2;7360935.96
169.4;53.22;7366280.6
169.41;53.24;7371625.24
169.42;53.26;7376969.88
169.43;53.29;7382314.52
169.44;53.31;7387659.16
169.45;53.33;7393003.8
169.46;53.35;7398348.44
169.47;53.37;7403693.08
169.48;53.39;7409037.72
169.49;53.41;7414382.36
169.5;53.44;7419727
169.51;53.46;7425071.64
169.52;53.48;7430416.28
169.53;53.5;7435760.92
169.54;53.52;7441105.56
169.55;53.54;7446450.2
169.56;53.56;7451794.84
169.57;53.59;7457139.48
169.58;53.61;7462484.12
169.59;53.63;7467828.76
169.6;53.65;7473173.4
169.61;53.67;7478518.04
169.62;53.69;7483862.68
169.63;53.71;7489207.32
169.64;53.74;7494551.96
169.65;53.76;7499896.6
169.66;53.78;7505241.24
169.67;53.8;7510585.88
169.68;53.82;7515930.52
169.69;53.84;7521275.16
169.7;53.86;7526619.8
169.71;53.89;7531964.44
169.72;53.91;7537309.08
169.73;53.93;7542653.72
169.74;53.95;7547998.36
169.75;53.97;7553343
169.76;53.99;7558687.64
169.77;54.01;7564032.28
169.78;54.04;7569376.92
169.79;54.06;7574721.56
169.8;54.08;7580066.2
169.81;54.1;7585410.84
169.82;54.12;7590755.48
169.83;54.14;7596100.12
169.84;54.16;7601444.76
169.85;54.19;7606789.4
169.86;54.21;7612134.04
169.87;54.23;7617478.68
169.88;54.25;7622823.32
169.89;54.27;7628167.96
169.9;54.29;7633512.6
169.91;54.31;7638857.24
169.92;54.34;7644201.88
169.93;54.36;7649546.52
169.94;54.38;7654891.16
169.95;54.4;7660235.8
169.96;54.42;7665580.44
169.97;54.44;7670925.08
169.98;54.46;7676269.72
169.99;54.49;7681614.36
170;54.51;7686959
